*** t=1
*** t=2
0.0 0.0 0.0 1.0 0
4.0 2.0 4.0 1.0 1
*** t=3
0.0 0.10114355534378251 0.0 1.0 0
4.0 1.9163714270780021 4.0 1.0 1
4.0 0.0 4.0 1.0 2
5.0 1.0 4.0 1.0 3
*** t=4
0.0 0.20228711068756502 0.0 1.0 0
4.0 1.8327428541560042 4.0 1.0 1
4.0 0.16329457145194193 4.0 1.0 2
4.889166263655179 1.0 4.0 1.0 3
0.0 0.0 0.0 1.0 4
4.0 2.0 4.0 1.0 5
*** t=5
0.0 0.30343066603134755 0.0 1.0 0
4.0 1.7491142812340064 4.0 1.0 1
4.0 0.32658914290388386 4.0 1.0 2
4.778332527310358 1.0 4.0 1.0 3
0.0 0.09257309970948001 0.0 1.0 4
4.0 1.8409481130408731 4.0 1.0 5
0.0 2.0 0.0 1.0 6
*** t=6
0.0 0.40457422137513005 0.0 1.0 0
4.0 1.6654857083120085 4.0 1.0 1
4.0 0.4898837143558258 4.0 1.0 2
4.667498790965537 1.0 4.0 1.0 3
0.0 0.18514619941896002 0.0 1.0 4
4.0 1.6818962260817463 4.0 1.0 5
0.0 1.859430713398966 0.0 1.0 6
0.0 0.0 0.0 1.0 7
4.0 0.0 4.0 1.0 8
4.0 2.0 4.0 1.0 9
5.0 1.0 4.0 1.0 10
*** t=7
0.0 0.5057177767189126 0.0 1.0 0
4.0 1.5818571353900106 4.0 1.0 1
4.0 0.6531782858077677 4.0 1.0 2
4.556665054620716 1.0 4.0 1.0 3
0.0 0.27771929912844 0.0 1.0 4
4.0 1.5228443391226194 4.0 1.0 5
0.0 1.718861426797932 0.0 1.0 6
0.0 0.10335734305585673 0.0 1.0 7
4.0 0.10899944605453717 4.0 1.0 8
4.0 1.8649736385446092 4.0 1.0 9
4.922478759756384 1.0 4.0 1.0 10
*** t=8
0.0 0.6068613320626951 0.0 1.0 0
4.0 1.4982285624680127 4.0 1.0 1
4.0 0.8164728572597096 4.0 1.0 2
4.445831318275895 1.0 4.0 1.0 3
0.0 0.37029239883792003 0.0 1.0 4
4.0 1.3637924521634925 4.0 1.0 5
0.0 1.5782921401968981 0.0 1.0 6
0.0 0.20671468611171345 0.0 1.0 7
4.0 0.21799889210907433 4.0 1.0 8
4.0 1.7299472770892184 4.0 1.0 9
4.844957519512768 1.0 4.0 1.0 10
0.0 0.0 0.0 1.0 11
4.0 2.0 4.0 1.0 12
*** t=9
0.0 0.7080048874064776 0.0 1.0 0
4.0 1.4145999895460148 4.0 1.0 1
4.0 0.9797674287116516 4.0 1.0 2
4.3349975819310735 1.0 4.0 1.0 3
0.0 0.46286549854740006 0.0 1.0 4
4.0 1.2047405652043657 4.0 1.0 5
0.0 1.4377228535958642 0.0 1.0 6
0.0 0.31007202916757015 0.0 1.0 7
4.0 0.3269983381636115 4.0 1.0 8
4.0 1.5949209156338275 4.0 1.0 9
4.767436279269152 1.0 4.0 1.0 10
0.0 0.13237195615555372 0.0 1.0 11
4.0 1.9021933118834218 4.0 1.0 12
4.0 0.0 4.0 1.0 13
5.0 1.0 4.0 1.0 14
*** t=10
0.0 0.8091484427502601 0.0 1.0 0
4.0 1.330971416624017 4.0 1.0 1
4.0 1.1430620001635936 4.0 2.0 2
4.2241638455862525 1.0 4.0 1.0 3
0.0 0.55543859825688 0.0 1.0 4
4.0 1.0456886782452388 4.0 1.0 5
0.0 1.2971535669948302 0.0 1.0 6
0.0 0.4134293722234269 0.0 1.0 7
4.0 0.43599778421814867 4.0 1.0 8
4.0 1.4598945541784367 4.0 1.0 9
4.689915039025536 1.0 4.0 1.0 10
0.0 0.26474391231110744 0.0 1.0 11
4.0 1.8043866237668436 4.0 1.0 12
4.0 0.09900072970566136 4.0 1.0 13
4.8281186278027315 1.0 4.0 1.0 14
0.0 0.0 0.0 1.0 15
0.0 2.0 0.0 1.0 16
4.0 2.0 4.0 1.0 17
*** t=11
0.0 0.9102919980940426 0.0 1.0 0
4.0 1.247342843702019 4.0 1.0 1
4.0 1.3063565716155354 4.0 2.0 2
4.113330109241431 1.0 4.0 1.0 3
0.0 0.64801169796636 0.0 1.0 4
3.886636791286112 1.0 0.0 1.0 5
0.0 1.1565842803937962 0.0 1.0 6
0.0 0.5167867152792837 0.0 1.0 7
4.0 0.5449972302726859 4.0 1.0 8
4.0 1.324868192723046 4.0 1.0 9
4.61239379878192 1.0 4.0 1.0 10
0.0 0.39711586846666114 0.0 1.0 11
4.0 1.7065799356502653 4.0 1.0 12
4.0 0.19800145941132272 4.0 1.0 13
4.656237255605463 1.0 4.0 1.0 14
0.0 0.12072384126997017 0.0 1.0 15
0.0 1.8564120083216273 0.0 1.0 16
4.0 1.832422871989934 4.0 1.0 17
*** t=12
0.0 1.0114355534378252 0.0 2.0 0
4.0 1.1637142707800212 4.0 1.0 1
4.0 1.4696511430674772 4.0 2.0 2
4.00249637289661 1.0 4.0 1.0 3
0.0 0.7405847976758401 0.0 1.0 4
3.727584904326985 1.0 0.0 1.0 5
0.0 1.0160149937927623 0.0 1.0 6
0.0 0.6201440583351404 0.0 1.0 7
4.0 0.653996676327223 4.0 1.0 8
4.0 1.189841831267655 4.0 1.0 9
4.534872558538304 1.0 4.0 1.0 10
0.0 0.5294878246222149 0.0 1.0 11
4.0 1.6087732475336871 4.0 1.0 12
4.0 0.29700218911698406 4.0 1.0 13
4.4843558834081945 1.0 4.0 1.0 14
0.0 0.24144768253994034 0.0 1.0 15
0.0 1.7128240166432547 0.0 1.0 16
4.0 1.664845743979868 4.0 1.0 17
0.0 0.0 0.0 1.0 18
4.0 0.0 4.0 1.0 19
4.0 2.0 4.0 1.0 20
5.0 1.0 4.0 1.0 21
*** t=13
0.0 1.1125791087816077 0.0 2.0 0
4.0 1.0800856978580233 4.0 1.0 1
4.0 1.632945714519419 4.0 2.0 2
3.891662636551789 1.0 0.0 1.0 3
0.0 0.8331578973853201 0.0 1.0 4
3.568533017367858 1.0 0.0 1.0 5
0.0 0.8754457071917282 0.0 0.0 6
0.0 0.7235014013909972 0.0 1.0 7
4.0 0.7629961223817602 4.0 1.0 8
4.0 1.0548154698122643 4.0 1.0 9
4.457351318294688 1.0 4.0 1.0 10
0.0 0.6618597807777686 0.0 1.0 11
4.0 1.510966559417109 4.0 1.0 12
4.0 0.39600291882264543 4.0 1.0 13
4.312474511210926 1.0 4.0 1.0 14
0.0 0.3621715238099105 0.0 1.0 15
0.0 1.569236024964882 0.0 1.0 16
4.0 1.497268615969802 4.0 1.0 17
0.0 0.15669778306626742 0.0 1.0 18
4.0 0.14032159844927775 4.0 1.0 19
4.0 1.866022163746523 4.0 1.0 20
4.9227388547055 1.0 4.0 1.0 21
*** t=14
0.0 1.2137226641253902 0.0 2.0 0
4.0 0.9964571249360256 4.0 0.0 1
4.0 1.7962402859713609 4.0 2.0 2
3.7808289002069673 1.0 0.0 1.0 3
0.0 0.9257309970948001 0.0 1.0 4
3.4094811304087314 1.0 0.0 1.0 5
0.0 0.7348764205906941 0.0 0.0 6
0.0 0.8268587444468539 0.0 1.0 7
4.0 0.8719955684362973 4.0 1.0 8
3.9197891083568734 1.0 0.0 1.0 9
4.3798300780510715 1.0 4.0 1.0 10
0.0 0.7942317369333224 0.0 1.0 11
4.0 1.4131598713005307 4.0 1.0 12
4.0 0.4950036485283068 4.0 1.0 13
4.140593139013657 1.0 4.0 1.0 14
0.0 0.4828953650798807 0.0 1.0 15
0.0 1.4256480332865094 0.0 1.0 16
4.0 1.3296914879597361 4.0 1.0 17
0.0 0.31339556613253483 0.0 1.0 18
4.0 0.2806431968985555 4.0 1.0 19
4.0 1.7320443274930462 4.0 1.0 20
4.845477709411 1.0 4.0 1.0 21
0.0 0.0 0.0 1.0 22
4.0 2.0 4.0 1.0 23
*** t=15
0.0 1.3148662194691727 0.0 2.0 0
4.0 0.9128285520140278 4.0 0.0 1
4.0 1.9595348574233027 4.0 2.0 2
3.6699951638621457 1.0 0.0 1.0 3
0.01830409680428012 1.0 4.0 1.0 4
3.2504292434496045 1.0 0.0 1.0 5
0.0 0.5943071339896601 0.0 0.0 6
0.0 0.9302160875027107 0.0 1.0 7
4.0 0.9809950144908345 4.0 1.0 8
3.7847627469014826 1.0 0.0 1.0 9
4.302308837807455 1.0 4.0 1.0 10
0.0 0.9266036930888761 0.0 1.0 11
4.0 1.3153531831839524 4.0 1.0 12
4.0 0.5940043782339681 4.0 1.0 13
4.0 1.0312882331836115 4.0 2.0 14
0.0 0.6036192063498509 0.0 1.0 15
0.0 1.2820600416081367 0.0 1.0 16
4.0 1.1621143599496702 4.0 1.0 17
0.0 0.47009334919880225 0.0 1.0 18
4.0 0.42096479534783326 4.0 1.0 19
4.0 1.5980664912395692 4.0 1.0 20
4.7682165641165 1.0 4.0 1.0 21
0.0 0.07023073095898785 0.0 1.0 22
4.0 1.9063756876648867 4.0 1.0 23
0.0 2.0 0.0 1.0 24
4.0 0.0 4.0 1.0 25
5.0 1.0 4.0 1.0 26
*** t=16
0.0 1.4160097748129552 0.0 2.0 0
4.0 0.82919997909203 4.0 0.0 1
3.5591614275173242 1.0 0.0 1.0 2
0.11087719651376013 1.0 4.0 1.0 3
3.0913773564904776 1.0 0.0 1.0 4
0.0 0.453737847388626 0.0 0.0 5
0.0 1.0335734305585673 0.0 2.0 6
4.0 1.0899944605453717 4.0 2.0 7
3.649736385446092 1.0 0.0 1.0 8
4.224787597563839 1.0 4.0 1.0 9
0.058975649244429856 1.0 4.0 1.0 10
4.0 1.2175464950673742 4.0 1.0 11
4.0 0.6930051079396294 4.0 1.0 12
4.0 1.2031696053808805 4.0 2.0 13
0.0 0.724343047619821 0.0 1.0 14
0.0 1.138472049929764 0.0 1.0 15
3.994537231939604 1.0 0.0 1.0 16
0.0 0.6267911322650697 0.0 1.0 17
4.0 0.561286393797111 4.0 1.0 18
4.0 1.4640886549860923 4.0 1.0 19
4.690955418822 1.0 4.0 1.0 20
0.0 0.1404614619179757 0.0 1.0 21
4.0 1.8127513753297735 4.0 1.0 22
0.0 1.8486958749043405 0.0 1.0 23
4.0 0.12479859500911461 4.0 1.0 24
4.85776932208994 1.0 4.0 1.0 25
0.0 0.0 0.0 1.0 26
4.0 2.0 4.0 1.0 27
*** t=17
0.0 1.5171533301567377 0.0 2.0 0
4.0 0.7455714061700323 4.0 0.0 1
3.4483276911725027 1.0 0.0 1.0 2
0.20345029622324012 1.0 4.0 1.0 3
2.9323254695313508 1.0 0.0 1.0 4
0.0 0.3131685607875919 0.0 0.0 5
0.0 1.136930773614424 0.0 2.0 6
4.0 1.198993906599909 4.0 2.0 7
3.514710023990701 1.0 0.0 1.0 8
4.147266357320223 1.0 4.0 1.0 9
0.19134760539998358 1.0 4.0 1.0 10
4.0 1.119739806950796 4.0 1.0 11
4.0 0.7920058376452908 4.0 1.0 12
4.0 1.3750509775781494 4.0 2.0 13
0.0 0.8450668888897912 0.0 1.0 14
0.0 0.9948840582513915 0.0 0.0 15
3.8269601039295384 1.0 0.0 1.0 16
0.0 0.7834889153313371 0.0 1.0 17
4.0 0.7016079922463887 4.0 1.0 18
4.0 1.3301108187326154 4.0 1.0 19
4.6136942735275 1.0 4.0 1.0 20
0.0 0.21069219287696356 0.0 1.0 21
4.0 1.7191270629946602 4.0 1.0 22
0.0 1.697391749808681 0.0 1.0 23
4.0 0.24959719001822922 4.0 1.0 24
4.71553864417988 1.0 4.0 1.0 25
0.0 0.08766796194137774 0.0 1.0 26
4.0 1.8714357613166648 4.0 1.0 27
*** t=18
0.0 1.6182968855005202 0.0 2.0 0
4.0 0.6619428332480345 4.0 0.0 1
3.337493954827681 1.0 0.0 1.0 2
0.29602339593272015 1.0 4.0 1.0 3
2.773273582572224 1.0 0.0 1.0 4
0.0 0.17259927418655788 0.0 0.0 5
0.0 1.2402881166702808 0.0 2.0 6
4.0 1.307993352654446 4.0 2.0 7
3.37968366253531 1.0 0.0 1.0 8
4.069745117076607 1.0 4.0 1.0 9
0.32371956155553727 1.0 4.0 1.0 10
4.0 1.0219331188342178 4.0 1.0 11
4.0 0.8910065673509521 4.0 1.0 12
4.0 1.5469323497754184 4.0 2.0 13
0.0 0.9657907301597614 0.0 1.0 14
0.0 0.8512960665730189 0.0 0.0 15
3.6593829759194723 1.0 0.0 1.0 16
0.0 0.9401866983976046 0.0 1.0 17
4.0 0.8419295906956664 4.0 1.0 18
4.0 1.1961329824791385 4.0 1.0 19
4.536433128233 1.0 4.0 1.0 20
0.0 0.2809229238359514 0.0 1.0 21
4.0 1.625502750659547 4.0 1.0 22
0.0 1.5460876247130215 0.0 1.0 23
4.0 0.37439578502734383 4.0 1.0 24
4.5733079662698195 1.0 4.0 1.0 25
0.0 0.17533592388275548 0.0 1.0 26
4.0 1.7428715226333296 4.0 1.0 27
0.0 0.0 0.0 1.0 28
4.0 0.0 4.0 1.0 29
4.0 2.0 4.0 1.0 30
5.0 1.0 4.0 1.0 31
*** t=19
0.0 1.7194404408443027 0.0 2.0 0
4.0 0.5783142603260367 4.0 0.0 1
3.2266602184828597 1.0 0.0 1.0 2
0.38859649564220017 1.0 4.0 1.0 3
2.614221695613097 1.0 0.0 1.0 4
0.0 0.032029987585523834 0.0 0.0 5
0.0 1.3436454597261376 0.0 2.0 6
4.0 1.4169927987089832 4.0 2.0 7
3.2446573010799193 1.0 0.0 1.0 8
4.0 1.0077761231670084 4.0 2.0 9
0.456091517711091 1.0 4.0 1.0 10
4.07587356928236 1.0 5.0 1.0 11
4.0 0.9900072970566134 4.0 1.0 12
4.0 1.7188137219726873 4.0 2.0 13
0.0 1.0865145714297315 0.0 2.0 14
0.0 0.7077080748946464 0.0 0.0 15
3.491805847909406 1.0 0.0 1.0 16
0.09688448146387202 1.0 4.0 1.0 17
4.0 0.9822511891449441 4.0 1.0 18
4.0 1.0621551462256615 4.0 1.0 19
4.4591719829385 1.0 4.0 1.0 20
0.0 0.35115365479493926 0.0 1.0 21
4.0 1.5318784383244337 4.0 1.0 22
0.0 1.394783499617362 0.0 1.0 23
4.0 0.49919438003645844 4.0 1.0 24
4.431077288359759 1.0 4.0 1.0 25
0.0 0.26300388582413325 0.0 1.0 26
4.0 1.6143072839499943 4.0 1.0 27
0.0 0.14228055268917467 0.0 1.0 28
4.0 0.11606211999056405 4.0 1.0 29
4.0 1.886608153962543 4.0 1.0 30
4.8810241570088735 1.0 4.0 1.0 31
*** t=20
0.0 1.8205839961880852 0.0 2.0 0
4.0 0.49468568740403895 4.0 0.0 1
3.115826482138038 1.0 0.0 1.0 2
0.4811695953516802 1.0 4.0 1.0 3
2.45516980865397 1.0 0.0 1.0 4
0.0 1.4470028027819943 0.0 2.0 5
4.0 1.5259922447635204 4.0 2.0 6
3.1096309396245285 1.0 0.0 1.0 7
4.0 1.085297363410624 4.0 2.0 8
0.5884634738666448 1.0 4.0 1.0 9
4.173680257398939 1.0 5.0 1.0 10
3.910991973237725 1.0 0.0 1.0 11
4.0 1.8906950941699563 4.0 2.0 12
0.0 1.2072384126997018 0.0 2.0 13
0.0 0.5641200832162738 0.0 0.0 14
3.32422871989934 1.0 0.0 1.0 15
0.25358226453013943 1.0 4.0 1.0 16
3.8774272124057783 1.0 0.0 1.0 17
4.071822690027815 1.0 5.0 1.0 18
4.381910837644 1.0 4.0 1.0 19
0.0 0.4213843857539271 0.0 1.0 20
4.0 1.4382541259893205 4.0 1.0 21
0.0 1.2434793745217025 0.0 1.0 22
4.0 0.623992975045573 4.0 1.0 23
4.288846610449699 1.0 4.0 1.0 24
0.0 0.35067184776551097 0.0 1.0 25
4.0 1.4857430452666591 4.0 1.0 26
0.0 0.28456110537834933 0.0 1.0 27
4.0 0.2321242399811281 4.0 1.0 28
4.0 1.773216307925086 4.0 1.0 29
4.762048314017747 1.0 4.0 1.0 30
0.0 0.0 0.0 1.0 31
0.0 2.0 0.0 1.0 32
4.0 2.0 4.0 1.0 33
*** t=21
0.0 1.9217275515318677 0.0 2.0 0
4.0 0.4110571144820412 4.0 0.0 1
3.0049927457932166 1.0 0.0 1.0 2
0.5737426950611602 1.0 4.0 1.0 3
2.2961179216948433 1.0 0.0 1.0 4
0.0 1.550360145837851 0.0 2.0 5
4.0 1.6349916908180575 4.0 2.0 6
2.9746045781691377 1.0 0.0 1.0 7
4.0 1.1628186036542396 4.0 2.0 8
0.7208354300221985 1.0 4.0 1.0 9
4.271486945515517 1.0 5.0 1.0 10
3.8119912435320638 1.0 0.0 1.0 11
0.0 1.327962253969672 0.0 2.0 12
0.0 0.4205320915379013 0.0 0.0 13
3.1566515918892737 1.0 0.0 1.0 14
0.41028004759640685 1.0 4.0 1.0 15
3.7371056139565004 1.0 0.0 1.0 16
4.205800526281292 1.0 5.0 1.0 17
4.3046496923495 1.0 4.0 1.0 18
0.0 0.49161511671291497 0.0 1.0 19
4.0 1.3446298136542072 4.0 1.0 20
0.0 1.092175249426043 0.0 1.0 21
4.0 0.7487915700546877 4.0 1.0 22
4.146615932539639 1.0 4.0 1.0 23
0.0 0.4383398097068887 0.0 1.0 24
4.0 1.357178806583324 4.0 1.0 25
0.0 0.426841658067524 0.0 1.0 26
4.0 0.34818635997169217 4.0 1.0 27
4.0 1.659824461887629 4.0 1.0 28
4.6430724710266205 1.0 4.0 1.0 29
0.0 0.11743977132366014 0.0 1.0 30
0.0 1.8510038574117877 0.0 1.0 31
4.0 1.8965766585256505 4.0 1.0 32
4.0 0.0 4.0 1.0 33
5.0 1.0 4.0 1.0 34
*** t=22
4.0 0.3274285415600434 4.0 0.0 0
2.894159009448395 1.0 0.0 1.0 1
0.6663157947706402 1.0 4.0 1.0 2
2.1370660347357164 1.0 0.0 1.0 3
0.0 1.6537174888937078 0.0 2.0 4
4.0 1.7439911368725947 4.0 2.0 5
2.839578216713747 1.0 0.0 1.0 6
4.0 1.2403398438978552 4.0 2.0 7
0.8532073861777523 1.0 4.0 1.0 8
4.369293633632095 1.0 5.0 1.0 9
3.7129905138264023 1.0 0.0 1.0 10
0.0 1.4486860952396423 0.0 2.0 11
0.0 0.2769440998595287 0.0 0.0 12
2.9890744638792075 1.0 0.0 1.0 13
0.5669778306626743 1.0 4.0 1.0 14
3.5967840155072226 1.0 0.0 1.0 15
4.339778362534769 1.0 5.0 1.0 16
4.227388547055 1.0 4.0 1.0 17
0.0 0.5618458476719028 0.0 1.0 18
4.0 1.251005501319094 4.0 1.0 19
0.059128875669616415 1.0 4.0 1.0 20
4.0 0.8735901650638023 4.0 1.0 21
4.004385254629579 1.0 4.0 1.0 22
0.0 0.5260077716482664 0.0 1.0 23
4.0 1.2286145678999887 4.0 1.0 24
0.0 0.5691222107566987 0.0 1.0 25
4.0 0.4642484799622562 4.0 1.0 26
4.0 1.546432615850172 4.0 1.0 27
4.524096628035494 1.0 4.0 1.0 28
0.0 0.23487954264732028 0.0 1.0 29
0.0 1.7020077148235755 0.0 1.0 30
4.0 1.793153317051301 4.0 1.0 31
4.0 0.10497137823283506 4.0 1.0 32
4.921659296772517 1.0 4.0 1.0 33
0.0 0.0 0.0 1.0 34
4.0 2.0 4.0 1.0 35
*** t=23
4.0 0.24379996863804562 4.0 0.0 0
2.7833252731035736 1.0 0.0 1.0 1
0.7588888944801202 1.0 4.0 1.0 2
1.9780141477765896 1.0 0.0 1.0 3
0.0 1.7570748319495646 0.0 2.0 4
4.0 1.8529905829271318 4.0 2.0 5
2.704551855258356 1.0 0.0 1.0 6
4.0 1.3178610841414709 4.0 2.0 7
0.985579342333306 1.0 4.0 1.0 8
4.467100321748673 1.0 5.0 1.0 9
3.613989784120741 1.0 0.0 1.0 10
0.0 1.5694099365096126 0.0 2.0 11
0.0 0.13335610818115615 0.0 0.0 12
2.8214973358691413 1.0 0.0 1.0 13
0.7236756137289417 1.0 4.0 1.0 14
3.4564624170579448 1.0 0.0 1.0 15
4.473756198788246 1.0 5.0 1.0 16
4.1501274017605 1.0 4.0 1.0 17
0.0 0.6320765786308906 0.0 1.0 18
4.0 1.1573811889839807 4.0 1.0 19
0.21043300076527588 1.0 4.0 1.0 20
4.0 0.9983887600729169 4.0 1.0 21
3.8621545767195182 1.0 0.0 1.0 22
0.0 0.6136757335896441 0.0 1.0 23
4.0 1.1000503292166535 4.0 1.0 24
0.0 0.7114027634458733 0.0 1.0 25
4.0 0.5803105999528203 4.0 1.0 26
4.0 1.433040769812715 4.0 1.0 27
4.405120785044367 1.0 4.0 1.0 28
0.0 0.35231931397098043 0.0 1.0 29
0.0 1.5530115722353632 0.0 1.0 30
4.0 1.6897299755769515 4.0 1.0 31
4.0 0.20994275646567012 4.0 1.0 32
4.843318593545034 1.0 4.0 1.0 33
0.0 0.09106119621999037 0.0 1.0 34
4.0 1.8421684565869385 4.0 1.0 35
*** t=24
4.0 0.16017139571604783 4.0 0.0 0
2.672491536758752 1.0 0.0 1.0 1
0.8514619941896002 1.0 4.0 1.0 2
1.8189622608174627 1.0 0.0 1.0 3
0.0 1.8604321750054214 0.0 2.0 4
4.0 1.961990028981669 4.0 2.0 5
2.5695254938029652 1.0 0.0 1.0 6
4.0 1.3953823243850865 4.0 2.0 7
1.1179512984888598 1.0 4.0 1.0 8
4.5649070098652516 1.0 5.0 1.0 9
3.5149890544150795 1.0 0.0 1.0 10
0.0 1.6901337777795828 0.0 2.0 11
2.653920207859075 1.0 0.0 1.0 12
0.8803733967952092 1.0 4.0 1.0 13
3.316140818608667 1.0 0.0 1.0 14
4.607734035041723 1.0 5.0 1.0 15
4.072866256466 1.0 4.0 1.0 16
0.0 0.7023073095898784 0.0 1.0 17
4.0 1.0637568766488674 4.0 1.0 18
0.3617371258609353 1.0 4.0 1.0 19
3.8768126449179685 1.0 0.0 1.0 20
3.7199238988094576 1.0 0.0 1.0 21
0.0 0.7013436955310218 0.0 1.0 22
3.9714860905333182 1.0 0.0 1.0 23
0.0 0.8536833161350479 0.0 1.0 24
4.0 0.6963727199433843 4.0 1.0 25
4.0 1.319648923775258 4.0 1.0 26
4.286144942053241 1.0 4.0 1.0 27
0.0 0.46975908529464055 0.0 1.0 28
0.0 1.404015429647151 0.0 1.0 29
4.0 1.586306634102602 4.0 1.0 30
4.0 0.31491413469850515 4.0 1.0 31
4.76497789031755 1.0 4.0 1.0 32
0.0 0.18212239243998074 0.0 1.0 33
4.0 1.684336913173877 4.0 1.0 34
0.0 0.0 0.0 1.0 35
4.0 0.0 4.0 1.0 36
4.0 2.0 4.0 1.0 37
5.0 1.0 4.0 1.0 38
*** t=25
4.0 0.07654282279405003 4.0 0.0 0
2.5616578004139305 1.0 0.0 1.0 1
0.9440350938990802 1.0 4.0 1.0 2
1.6599103738583358 1.0 0.0 1.0 3
0.0 1.963789518061278 0.0 2.0 4
2.4344991323475744 1.0 0.0 1.0 5
4.0 1.472903564628702 4.0 2.0 6
1.2503232546444134 1.0 4.0 1.0 7
4.66271369798183 1.0 5.0 1.0 8
3.415988324709418 1.0 0.0 1.0 9
0.0 1.8108576190495531 0.0 2.0 10
2.486343079849009 1.0 0.0 1.0 11
1.0370711798614767 1.0 4.0 1.0 12
3.175819220159389 1.0 0.0 1.0 13
4.7417118712952 1.0 5.0 1.0 14
4.0 1.0043948888285 4.0 2.0 15
0.0 0.7725380405488662 0.0 1.0 16
3.970132564313754 1.0 0.0 1.0 17
0.5130412509565948 1.0 4.0 1.0 18
3.752014049908854 1.0 0.0 1.0 19
3.577693220899397 1.0 0.0 1.0 20
0.0 0.7890116574723995 0.0 1.0 21
3.842921851849983 1.0 0.0 1.0 22
0.0 0.9959638688242225 0.0 1.0 23
4.0 0.8124348399339484 4.0 1.0 24
4.0 1.206257077737801 4.0 1.0 25
4.167169099062114 1.0 4.0 1.0 26
0.0 0.5871988566183007 0.0 1.0 27
0.0 1.2550192870589387 0.0 1.0 28
4.0 1.4828832926282525 4.0 1.0 29
4.0 0.41988551293134024 4.0 1.0 30
4.686637187090067 1.0 4.0 1.0 31
0.0 0.2731835886599711 0.0 1.0 32
4.0 1.5265053697608155 4.0 1.0 33
0.0 0.15118842016404058 0.0 1.0 34
4.0 0.10375351839647624 4.0 1.0 35
4.0 1.8924995680708876 4.0 1.0 36
4.889427289309759 1.0 4.0 1.0 37
0.0 2.0 0.0 1.0 38
*** t=26
2.450824064069109 1.0 0.0 1.0 0
1.0366081936085603 1.0 4.0 1.0 1
1.500858486899209 1.0 0.0 1.0 2
2.2994727708921836 1.0 0.0 1.0 3
4.0 1.5504248048723177 4.0 2.0 4
1.382695210799967 1.0 4.0 1.0 5
4.760520386098408 1.0 5.0 1.0 6
3.3169875950037566 1.0 0.0 1.0 7
0.0 1.9315814603195234 0.0 2.0 8
2.3187659518389427 1.0 0.0 1.0 9
1.1937689629277441 1.0 4.0 1.0 10
3.0354976217101113 1.0 0.0 1.0 11
4.875689707548677 1.0 5.0 1.0 12
4.0 1.0816560341229997 4.0 2.0 13
0.0 0.842768771507854 0.0 1.0 14
3.8765082519786405 1.0 0.0 1.0 15
0.6643453760522543 1.0 4.0 1.0 16
3.6272154548997393 1.0 0.0 1.0 17
3.4354625429893364 1.0 0.0 1.0 18
0.0 0.8766796194137773 0.0 1.0 19
3.714357613166648 1.0 0.0 1.0 20
0.13824442151339716 1.0 4.0 1.0 21
4.0 0.9284969599245124 4.0 1.0 22
4.0 1.092865231700344 4.0 1.0 23
4.048193256070988 1.0 4.0 1.0 24
0.0 0.7046386279419609 0.0 1.0 25
0.0 1.1060231444707265 0.0 1.0 26
4.0 1.379459951153903 4.0 1.0 27
4.0 0.5248568911641753 4.0 1.0 28
4.608296483862584 1.0 4.0 1.0 29
0.0 0.3642447848799615 0.0 1.0 30
4.0 1.368673826347754 4.0 1.0 31
0.0 0.30237684032808115 0.0 1.0 32
4.0 0.2075070367929525 4.0 1.0 33
4.0 1.7849991361417752 4.0 1.0 34
4.778854578619518 1.0 4.0 1.0 35
0.0 1.8584939009317218 0.0 1.0 36
0.0 0.0 0.0 1.0 37
4.0 2.0 4.0 1.0 38
*** t=27
2.3399903277242875 1.0 0.0 1.0 0
1.1291812933180403 1.0 4.0 1.0 1
1.3418065999400821 1.0 0.0 1.0 2
2.164446409436793 1.0 0.0 1.0 3
4.0 1.6279460451159333 4.0 2.0 4
1.5150671669555207 1.0 4.0 1.0 5
4.858327074214986 1.0 5.0 1.0 6
3.217986865298095 1.0 0.0 1.0 7
2.1511888238288766 1.0 0.0 1.0 8
1.3504667459940116 1.0 4.0 1.0 9
2.8951760232608335 1.0 0.0 1.0 10
4.0 1.1589171794174995 4.0 2.0 11
0.0 0.9129995024668418 0.0 1.0 12
3.782883939643527 1.0 0.0 1.0 13
0.8156495011479138 1.0 4.0 1.0 14
3.5024168598906247 1.0 0.0 1.0 15
3.293231865079276 1.0 0.0 1.0 16
0.0 0.964347581355155 0.0 1.0 17
3.5857933744833126 1.0 0.0 1.0 18
0.28052497420257183 1.0 4.0 1.0 19
4.0 1.0445590799150766 4.0 2.0 20
3.979473385662887 1.0 0.0 1.0 21
4.0 1.0707825869201382 4.0 2.0 22
0.0 0.822078399265621 0.0 1.0 23
0.04297299811748587 1.0 4.0 1.0 24
4.0 1.2760366096795535 4.0 1.0 25
4.0 0.6298282693970104 4.0 1.0 26
4.529955780635101 1.0 4.0 1.0 27
0.0 0.45530598109995185 0.0 1.0 28
4.0 1.2108422829346925 4.0 1.0 29
0.0 0.45356526049212176 0.0 1.0 30
4.0 0.31126055518942874 4.0 1.0 31
4.0 1.6774987042126628 4.0 1.0 32
4.668281867929276 1.0 4.0 1.0 33
0.0 1.7169878018634437 0.0 1.0 34
0.0 0.15798144235091005 0.0 1.0 35
4.0 1.8848831353249809 4.0 1.0 36
4.0 0.0 4.0 1.0 37
5.0 1.0 4.0 1.0 38
*** t=28
2.229156591379466 1.0 0.0 1.0 0
1.2217543930275203 1.0 4.0 1.0 1
1.1827547129809552 1.0 0.0 1.0 2
2.029420047981402 1.0 0.0 1.0 3
4.0 1.705467285359549 4.0 2.0 4
1.6474391231110743 1.0 4.0 1.0 5
4.956133762331564 1.0 5.0 1.0 6
3.1189861355924338 1.0 0.0 1.0 7
1.9836116958188106 1.0 0.0 1.0 8
1.507164529060279 1.0 4.0 1.0 9
2.7548544248115556 1.0 0.0 1.0 10
4.0 1.2361783247119993 4.0 2.0 11
0.0 0.9832302334258296 0.0 1.0 12
3.6892596273084135 1.0 0.0 1.0 13
0.9669536262435733 1.0 4.0 1.0 14
3.37761826488151 1.0 0.0 1.0 15
3.151001187169215 1.0 0.0 1.0 16
0.0 1.0520155432965328 0.0 2.0 17
3.4572291357999774 1.0 0.0 1.0 18
0.4228055268917465 1.0 4.0 1.0 19
4.0 1.1606211999056406 4.0 2.0 20
3.86608153962543 1.0 0.0 1.0 21
4.0 1.1897584299112642 4.0 2.0 22
0.0 0.9395181705892811 0.0 1.0 23
0.1919691407056982 1.0 4.0 1.0 24
4.0 1.172613268205204 4.0 1.0 25
4.0 0.7347996476298455 4.0 1.0 26
4.4516150774076175 1.0 4.0 1.0 27
0.0 0.5463671773199422 0.0 1.0 28
4.0 1.053010739521631 4.0 1.0 29
0.0 0.6047536806561623 0.0 1.0 30
4.0 0.415014073585905 4.0 1.0 31
4.0 1.5699982722835504 4.0 1.0 32
4.557709157239035 1.0 4.0 1.0 33
0.0 1.5754817027951655 0.0 1.0 34
0.0 0.3159628847018201 0.0 1.0 35
4.0 1.7697662706499617 4.0 1.0 36
4.0 0.1351563894633513 4.0 1.0 37
4.8377054636693115 1.0 4.0 1.0 38
0.0 0.0 0.0 1.0 39
4.0 2.0 4.0 1.0 40
*** t=29
2.1183228550346445 1.0 0.0 1.0 0
1.3143274927370003 1.0 4.0 1.0 1
1.0237028260218284 1.0 0.0 1.0 2
1.8943936865260111 1.0 0.0 1.0 3
4.0 1.7829885256031646 4.0 2.0 4
1.779811079266628 1.0 4.0 1.0 5
3.0199854058867723 1.0 0.0 1.0 6
1.8160345678087446 1.0 0.0 1.0 7
1.6638623121265466 1.0 4.0 1.0 8
2.614532826362278 1.0 0.0 1.0 9
4.0 1.313439470006499 4.0 2.0 10
0.053460964384817455 1.0 4.0 1.0 11
3.5956353149733 1.0 0.0 1.0 12
1.1182577513392327 1.0 4.0 1.0 13
3.2528196698723955 1.0 0.0 1.0 14
3.0087705092591546 1.0 0.0 1.0 15
0.0 1.1396835052379106 0.0 2.0 16
3.328664897116642 1.0 0.0 1.0 17
0.5650860795809212 1.0 4.0 1.0 18
4.0 1.2766833198962046 4.0 2.0 19
3.752689693587973 1.0 0.0 1.0 20
4.0 1.3087342729023903 4.0 2.0 21
0.0 1.0569579419129413 0.0 2.0 22
0.3409652832939105 1.0 4.0 1.0 23
4.0 1.0691899267308544 4.0 1.0 24
4.0 0.8397710258626806 4.0 1.0 25
4.373274374180134 1.0 4.0 1.0 26
0.0 0.6374283735399326 0.0 1.0 27
3.8951791961085696 1.0 0.0 1.0 28
0.0 0.7559421008202029 0.0 1.0 29
4.0 0.5187675919823812 4.0 1.0 30
4.0 1.462497840354438 4.0 1.0 31
4.447136446548794 1.0 4.0 1.0 32
0.0 1.4339756037268874 0.0 1.0 33
0.0 0.47394432705273015 0.0 1.0 34
4.0 1.6546494059749426 4.0 1.0 35
4.0 0.2703127789267026 4.0 1.0 36
4.675410927338623 1.0 4.0 1.0 37
0.0 0.0929284448661107 0.0 1.0 38
4.0 1.8859165918319276 4.0 1.0 39
*** t=30
2.007489118689823 1.0 0.0 1.0 0
1.4069005924464804 1.0 4.0 1.0 1
0.8646509390627016 1.0 0.0 1.0 2
1.7593673250706203 1.0 0.0 1.0 3
4.0 1.8605097658467802 4.0 2.0 4
1.9121830354221816 1.0 4.0 1.0 5
2.920984676181111 1.0 0.0 1.0 6
1.6484574397986786 1.0 0.0 1.0 7
1.820560095192814 1.0 4.0 1.0 8
2.474211227913 1.0 0.0 1.0 9
4.0 1.3907006153009989 4.0 2.0 10
0.12369169534380531 1.0 4.0 1.0 11
3.5020110026381865 1.0 0.0 1.0 12
1.2695618764348922 1.0 4.0 1.0 13
3.128021074863281 1.0 0.0 1.0 14
2.866539831349094 1.0 0.0 1.0 15
0.0 1.2273514671792884 0.0 2.0 16
3.200100658433307 1.0 0.0 1.0 17
0.7073666322700958 1.0 4.0 1.0 18
4.0 1.3927454398867687 4.0 2.0 19
3.639297847550516 1.0 0.0 1.0 20
4.0 1.4277101158935164 4.0 2.0 21
0.0 1.1743977132366015 0.0 2.0 22
0.4899614258821229 1.0 4.0 1.0 23
4.0 0.965766585256505 4.0 0.0 24
4.0 0.9447424040955157 4.0 1.0 25
4.294933670952651 1.0 4.0 1.0 26
0.0 0.728489569759923 0.0 1.0 27
3.737347652695508 1.0 0.0 1.0 28
0.0 0.9071305209842434 0.0 1.0 29
4.0 0.6225211103788575 4.0 1.0 30
4.0 1.3549974084253256 4.0 1.0 31
4.336563735858553 1.0 4.0 1.0 32
0.0 1.2924695046586092 0.0 1.0 33
0.0 0.6319257694036402 0.0 1.0 34
4.0 1.5395325412999235 4.0 1.0 35
4.0 0.40546916839005387 4.0 1.0 36
4.513116391007935 1.0 4.0 1.0 37
0.0 0.1858568897322214 0.0 1.0 38
4.0 1.7718331836638552 4.0 1.0 39
0.0 0.0 0.0 1.0 40
0.0 2.0 0.0 1.0 41
4.0 0.0 4.0 1.0 42
4.0 2.0 4.0 1.0 43
5.0 1.0 4.0 1.0 44
*** t=31
1.8966553823450014 1.0 0.0 1.0 0
1.4994736921559604 1.0 4.0 1.0 1
0.7055990521035749 1.0 0.0 1.0 2
1.6243409636152295 1.0 0.0 1.0 3
4.0 1.9380310060903958 4.0 2.0 4
2.0445549915777352 1.0 4.0 1.0 5
2.8219839464754495 1.0 0.0 1.0 6
1.4808803117886127 1.0 0.0 1.0 7
1.9772578782590815 1.0 4.0 1.0 8
2.333889629463722 1.0 0.0 1.0 9
4.0 1.4679617605954987 4.0 2.0 10
0.19392242630279316 1.0 4.0 1.0 11
3.408386690303073 1.0 0.0 1.0 12
1.4208660015305516 1.0 4.0 1.0 13
3.0032224798541662 1.0 0.0 1.0 14
2.7243091534390333 1.0 0.0 1.0 15
0.0 1.3150194291206663 0.0 2.0 16
3.0715364197499717 1.0 0.0 1.0 17
0.8496471849592704 1.0 4.0 1.0 18
4.0 1.5088075598773327 4.0 2.0 19
3.525906001513059 1.0 0.0 1.0 20
4.0 1.5466859588846424 4.0 2.0 21
0.0 1.2918374845602616 0.0 2.0 22
0.6389575684703352 1.0 4.0 1.0 23
4.0 0.8623432437821557 4.0 0.0 24
4.0 1.0497137823283507 4.0 2.0 25
4.216592967725168 1.0 4.0 1.0 26
0.0 0.8195507659799133 0.0 1.0 27
3.5795161092824466 1.0 0.0 1.0 28
0.05831894114828398 1.0 4.0 1.0 29
4.0 0.7262746287753338 4.0 1.0 30
4.0 1.2474969764962132 4.0 1.0 31
4.2259910251683115 1.0 4.0 1.0 32
0.0 1.150963405590331 0.0 1.0 33
0.0 0.7899072117545503 0.0 1.0 34
4.0 1.4244156766249043 4.0 1.0 35
4.0 0.5406255578534052 4.0 1.0 36
4.350821854677246 1.0 4.0 1.0 37
0.0 0.2787853345983321 0.0 1.0 38
4.0 1.6577497754957828 4.0 1.0 39
0.0 0.11160039411704276 0.0 1.0 40
0.0 1.8118323565769945 0.0 1.0 41
4.0 0.08911572040757297 4.0 1.0 42
4.0 1.8660400647427826 4.0 1.0 43
4.865511524010643 1.0 4.0 1.0 44
*** t=32
1.78582164600018 1.0 0.0 1.0 0
1.5920467918654404 1.0 4.0 1.0 1
0.5465471651444481 1.0 0.0 1.0 2
1.4893146021598387 1.0 0.0 1.0 3
2.176926947733289 1.0 4.0 1.0 4
2.722983216769788 1.0 0.0 1.0 5
1.3133031837785467 1.0 0.0 1.0 6
2.133955661325349 1.0 4.0 1.0 7
2.1935680310144443 1.0 0.0 1.0 8
4.0 1.5452229058899984 4.0 2.0 9
0.264153157261781 1.0 4.0 1.0 10
3.3147623779679596 1.0 0.0 1.0 11
1.5721701266262111 1.0 4.0 1.0 12
2.8784238848450516 1.0 0.0 1.0 13
2.5820784755289727 1.0 0.0 1.0 14
0.0 1.402687391062044 0.0 2.0 15
2.9429721810666365 1.0 0.0 1.0 16
0.991927737648445 1.0 4.0 1.0 17
4.0 1.6248696798678968 4.0 2.0 18
3.412514155475602 1.0 0.0 1.0 19
4.0 1.6656618018757685 4.0 2.0 20
0.0 1.4092772558839217 0.0 2.0 21
0.7879537110585476 1.0 4.0 1.0 22
4.0 0.7589199023078063 4.0 0.0 23
4.0 1.1546851605611856 4.0 2.0 24
4.138252264497685 1.0 4.0 1.0 25
0.0 0.9106119621999036 0.0 1.0 26
3.421684565869385 1.0 0.0 1.0 27
0.20950736131232456 1.0 4.0 1.0 28
4.0 0.8300281471718101 4.0 1.0 29
4.0 1.1399965445671008 4.0 1.0 30
4.11541831447807 1.0 4.0 1.0 31
0.0 1.009457306522053 0.0 1.0 32
0.0 0.9478886541054603 0.0 1.0 33
4.0 1.3092988119498852 4.0 1.0 34
4.0 0.6757819473167564 4.0 1.0 35
4.188527318346558 1.0 4.0 1.0 36
0.0 0.3717137794644428 0.0 1.0 37
4.0 1.5436663673277105 4.0 1.0 38
0.0 0.2232007882340855 0.0 1.0 39
0.0 1.623664713153989 0.0 1.0 40
4.0 0.17823144081514594 4.0 1.0 41
4.0 1.7320801294855652 4.0 1.0 42
4.731023048021285 1.0 4.0 1.0 43
0.0 0.0 0.0 1.0 44
4.0 2.0 4.0 1.0 45
*** t=33
1.6749879096553584 1.0 0.0 1.0 0
1.6846198915749204 1.0 4.0 1.0 1
0.38749527818532137 1.0 0.0 1.0 2
1.3542882407044479 1.0 0.0 1.0 3
2.309298903888843 1.0 4.0 1.0 4
2.6239824870641266 1.0 0.0 1.0 5
1.1457260557684807 1.0 0.0 1.0 6
2.2906534443916162 1.0 4.0 1.0 7
2.0532464325651665 1.0 0.0 1.0 8
4.0 1.6224840511844982 4.0 2.0 9
0.33438388822076887 1.0 4.0 1.0 10
3.221138065632846 1.0 0.0 1.0 11
1.7234742517218706 1.0 4.0 1.0 12
2.753625289835937 1.0 0.0 1.0 13
2.439847797618912 1.0 0.0 1.0 14
0.0 1.490355353003422 0.0 2.0 15
2.8144079423833013 1.0 0.0 1.0 16
1.1342082903376196 1.0 4.0 1.0 17
4.0 1.7409317998584608 4.0 2.0 18
3.299122309438145 1.0 0.0 1.0 19
4.0 1.7846376448668946 4.0 2.0 20
0.0 1.5267170272075818 0.0 2.0 21
0.93694985364676 1.0 4.0 1.0 22
4.0 0.6554965608334569 4.0 0.0 23
4.0 1.2596565387940206 4.0 2.0 24
4.0599115612702015 1.0 4.0 1.0 25
0.0 1.001673158419894 0.0 2.0 26
3.2638530224563236 1.0 0.0 1.0 27
0.36069578147636516 1.0 4.0 1.0 28
4.0 0.9337816655682863 4.0 1.0 29
4.0 1.0324961126379884 4.0 1.0 30
4.004845603787829 1.0 4.0 1.0 31
0.13204879254622515 1.0 4.0 1.0 32
0.0 1.1058700964563704 0.0 2.0 33
4.0 1.194181947274866 4.0 1.0 34
4.0 0.8109383367801077 4.0 1.0 35
4.026232782015869 1.0 4.0 1.0 36
0.0 0.46464222433055347 0.0 1.0 37
4.0 1.429582959159638 4.0 1.0 38
0.0 0.33480118235112827 0.0 1.0 39
0.0 1.4354970697309835 0.0 1.0 40
4.0 0.2673471612227189 4.0 1.0 41
4.0 1.5981201942283478 4.0 1.0 42
4.596534572031928 1.0 4.0 1.0 43
0.0 0.1490351234081822 0.0 1.0 44
4.0 1.8619596059083277 4.0 1.0 45
4.0 0.0 4.0 1.0 46
5.0 1.0 4.0 1.0 47
*** t=34
1.5641541733105369 1.0 0.0 1.0 0
1.7771929912844004 1.0 4.0 1.0 1
0.2284433912261946 1.0 0.0 1.0 2
1.219261879249057 1.0 0.0 1.0 3
2.441670860044397 1.0 4.0 1.0 4
2.524981757358465 1.0 0.0 1.0 5
0.9781489277584148 1.0 0.0 1.0 6
2.4473512274578835 1.0 4.0 1.0 7
1.9129248341158887 1.0 0.0 1.0 8
4.0 1.699745196478998 4.0 2.0 9
0.4046146191797567 1.0 4.0 1.0 10
3.1275137532977326 1.0 0.0 1.0 11
1.8747783768175301 1.0 4.0 1.0 12
2.6288266948268224 1.0 0.0 1.0 13
2.2976171197088515 1.0 0.0 1.0 14
0.0 1.5780233149447997 0.0 2.0 15
2.685843703699966 1.0 0.0 1.0 16
1.2764888430267942 1.0 4.0 1.0 17
4.0 1.8569939198490248 4.0 2.0 18
3.185730463400688 1.0 0.0 1.0 19
4.0 1.9036134878580206 4.0 2.0 20
0.0 1.644156798531242 0.0 2.0 21
1.0859459962349722 1.0 4.0 1.0 22
4.0 0.5520732193591075 4.0 0.0 23
4.0 1.3646279170268556 4.0 2.0 24
3.9815708580427183 1.0 0.0 1.0 25
0.0 1.0927343546398842 0.0 2.0 26
3.106021479043262 1.0 0.0 1.0 27
0.5118842016404057 1.0 4.0 1.0 28
3.9624648160352374 1.0 0.0 1.0 29
4.0 0.924995680708876 4.0 0.0 30
4.0 0.8942728930975882 4.0 0.0 31
0.2735548916145032 1.0 4.0 1.0 32
0.0 1.2638515388072804 0.0 2.0 33
4.0 1.079065082599847 4.0 1.0 34
4.0 0.946094726243459 4.0 1.0 35
3.8639382456851803 1.0 0.0 1.0 36
0.0 0.5575706691966642 0.0 1.0 37
4.0 1.3154995509915657 4.0 1.0 38
0.0 0.446401576468171 0.0 1.0 39
0.0 1.247329426307978 0.0 1.0 40
4.0 0.3564628816302919 4.0 1.0 41
4.0 1.4641602589711304 4.0 1.0 42
4.46204609604257 1.0 4.0 1.0 43
0.0 0.2980702468163644 0.0 1.0 44
4.0 1.7239192118166553 4.0 1.0 45
4.0 0.15079262257212775 4.0 1.0 46
4.878102023993201 1.0 4.0 1.0 47
0.0 0.0 0.0 1.0 48
4.0 2.0 4.0 1.0 49
*** t=35
1.4533204369657153 1.0 0.0 1.0 0
1.8697660909938805 1.0 4.0 1.0 1
0.0693915042670678 1.0 0.0 1.0 2
1.0842355177936662 1.0 0.0 1.0 3
2.5740428161999507 1.0 4.0 1.0 4
2.4259810276528038 1.0 0.0 1.0 5
0.8105717997483488 1.0 0.0 1.0 6
2.6040490105241507 1.0 4.0 1.0 7
1.7726032356666108 1.0 0.0 1.0 8
4.0 1.7770063417734978 4.0 2.0 9
0.47484535013874457 1.0 4.0 1.0 10
3.033889440962619 1.0 0.0 1.0 11
2.0260825019131894 1.0 4.0 1.0 12
2.504028099817708 1.0 0.0 1.0 13
2.155386441798791 1.0 0.0 1.0 14
0.0 1.6656912768861776 0.0 2.0 15
2.557279465016631 1.0 0.0 1.0 16
1.4187693957159688 1.0 4.0 1.0 17
4.0 1.9730560398395889 4.0 2.0 18
3.072338617363231 1.0 0.0 1.0 19
0.0 1.761596569854902 0.0 2.0 20
1.2349421388231845 1.0 4.0 1.0 21
4.0 0.4486498778847581 4.0 0.0 22
4.0 1.4695992952596906 4.0 2.0 23
3.903230154815235 1.0 0.0 1.0 24
0.0 1.1837955508598745 0.0 2.0 25
2.9481899356302006 1.0 0.0 1.0 26
0.6630726218044463 1.0 4.0 1.0 27
3.858711297638761 1.0 0.0 1.0 28
4.0 0.8174952487797635 4.0 0.0 29
4.0 0.7837001824073473 4.0 0.0 30
0.41506099068278124 1.0 4.0 1.0 31
0.0 1.4218329811581905 0.0 2.0 32
3.9639482179248278 1.0 0.0 1.0 33
4.08125111570681 1.0 5.0 1.0 34
3.7016437093544914 1.0 0.0 1.0 35
0.0 0.6504991140627749 0.0 1.0 36
4.0 1.2014161428234933 4.0 1.0 37
0.0 0.5580019705852137 0.0 1.0 38
0.0 1.0591617828849724 0.0 1.0 39
4.0 0.44557860203786487 4.0 1.0 40
4.0 1.330200323713913 4.0 1.0 41
4.327557620053213 1.0 4.0 1.0 42
0.0 0.4471053702245466 0.0 1.0 43
4.0 1.585878817724983 4.0 1.0 44
4.0 0.3015852451442555 4.0 1.0 45
4.756204047986403 1.0 4.0 1.0 46
0.0 0.14237153759280527 0.0 1.0 47
4.0 1.877277059045307 4.0 1.0 48
0.0 2.0 0.0 1.0 49
*** t=36
1.3424867006208938 1.0 0.0 1.0 0
1.9623391907033605 1.0 4.0 1.0 1
0.0 1.089660382692059 0.0 2.0 2
0.9492091563382754 1.0 0.0 1.0 3
2.7064147723555045 1.0 4.0 1.0 4
2.3269802979471423 1.0 0.0 1.0 5
0.6429946717382828 1.0 0.0 1.0 6
2.760746793590418 1.0 4.0 1.0 7
1.632281637217333 1.0 0.0 1.0 8
4.0 1.8542674870679976 4.0 2.0 9
0.5450760810977324 1.0 4.0 1.0 10
2.9402651286275057 1.0 0.0 1.0 11
2.1773866270088487 1.0 4.0 1.0 12
2.379229504808593 1.0 0.0 1.0 13
2.0131557638887303 1.0 0.0 1.0 14
0.0 1.7533592388275554 0.0 2.0 15
2.4287152263332956 1.0 0.0 1.0 16
1.5610499484051434 1.0 4.0 1.0 17
2.958946771325774 1.0 0.0 1.0 18
0.0 1.8790363411785622 0.0 2.0 19
1.3839382814113967 1.0 4.0 1.0 20
4.0 0.3452265364104087 4.0 0.0 21
4.0 1.5745706734925256 4.0 2.0 22
3.824889451587752 1.0 0.0 1.0 23
0.0 1.2748567470798648 0.0 2.0 24
2.790358392217139 1.0 0.0 1.0 25
0.8142610419684868 1.0 4.0 1.0 26
3.754957779242285 1.0 0.0 1.0 27
4.0 0.7099948168506511 4.0 0.0 28
4.0 0.6731274717171064 4.0 0.0 29
0.5565670897510593 1.0 4.0 1.0 30
0.0 1.5798144235091005 0.0 2.0 31
3.8488313532498086 1.0 0.0 1.0 32
4.216407505170162 1.0 5.0 1.0 33
3.5393491730238025 1.0 0.0 1.0 34
0.0 0.7434275589288857 0.0 1.0 35
4.0 1.087332734655421 4.0 1.0 36
0.0 0.6696023647022564 0.0 1.0 37
0.0 0.870994139461967 0.0 0.0 38
4.0 0.5346943224454378 4.0 1.0 39
4.0 1.1962403884566957 4.0 1.0 40
4.1930691440638554 1.0 4.0 1.0 41
0.0 0.5961404936327288 0.0 1.0 42
4.0 1.4478384236333106 4.0 1.0 43
4.0 0.4523778677163832 4.0 1.0 44
4.634306071979604 1.0 4.0 1.0 45
0.0 0.28474307518561054 0.0 1.0 46
4.0 1.754554118090614 4.0 1.0 47
0.0 1.9492930426982031 0.0 1.0 48
0.0 0.0 0.0 1.0 49
4.0 0.0 4.0 1.0 50
4.0 2.0 4.0 1.0 51
5.0 1.0 4.0 1.0 52
*** t=37
1.2316529642760723 1.0 0.0 1.0 0
2.0549122904128403 1.0 4.0 1.0 1
0.0 1.2487122696511859 0.0 2.0 2
0.8141827948828846 1.0 0.0 1.0 3
2.8387867285110584 1.0 4.0 1.0 4
2.227979568241481 1.0 0.0 1.0 5
0.4754175437282169 1.0 0.0 1.0 6
2.917444576656685 1.0 4.0 1.0 7
1.4919600387680552 1.0 0.0 1.0 8
4.0 1.9315286323624974 4.0 2.0 9
0.6153068120567202 1.0 4.0 1.0 10
2.846640816292392 1.0 0.0 1.0 11
2.328690752104508 1.0 4.0 1.0 12
2.2544309097994786 1.0 0.0 1.0 13
1.87092508597867 1.0 0.0 1.0 14
0.0 1.8410272007689332 0.0 2.0 15
2.3001509876499604 1.0 0.0 1.0 16
1.703330501094318 1.0 4.0 1.0 17
2.845554925288317 1.0 0.0 1.0 18
0.0 1.9964761125022223 0.0 2.0 19
1.532934423999609 1.0 4.0 1.0 20
4.0 0.24180319493605928 4.0 0.0 21
4.0 1.6795420517253605 4.0 2.0 22
3.7465487483602686 1.0 0.0 1.0 23
0.0 1.3659179432998552 0.0 2.0 24
2.6325268488040776 1.0 0.0 1.0 25
0.9654494621325274 1.0 4.0 1.0 26
3.651204260845809 1.0 0.0 1.0 27
4.0 0.6024943849215387 4.0 0.0 28
4.0 0.5625547610268655 4.0 0.0 29
0.6980731888193373 1.0 4.0 1.0 30
0.0 1.7377958658600106 0.0 2.0 31
3.7337144885747895 1.0 0.0 1.0 32
4.351563894633514 1.0 5.0 1.0 33
3.3770546366931136 1.0 0.0 1.0 34
0.0 0.8363560037949964 0.0 1.0 35
3.9732493264873483 1.0 0.0 1.0 36
0.0 0.7812027588192991 0.0 1.0 37
0.0 0.6828264960389616 0.0 0.0 38
4.0 0.6238100428530108 4.0 1.0 39
4.0 1.0622804531994783 4.0 1.0 40
4.058580668074498 1.0 4.0 1.0 41
0.0 0.745175617040911 0.0 1.0 42
4.0 1.3097980295416383 4.0 1.0 43
4.0 0.603170490288511 4.0 1.0 44
4.5124080959728055 1.0 4.0 1.0 45
0.0 0.4271146127784158 0.0 1.0 46
4.0 1.6318311771359209 4.0 1.0 47
0.0 1.8985860853964063 0.0 1.0 48
0.0 0.11247762811774727 0.0 1.0 49
4.0 0.12692896985280455 4.0 1.0 50
4.0 1.8732182203884167 4.0 1.0 51
4.897323677656294 1.0 4.0 1.0 52
*** t=38
1.1208192279312508 1.0 0.0 1.0 0
2.1474853901223203 1.0 4.0 1.0 1
0.0 1.4077641566103127 0.0 2.0 2
0.6791564334274938 1.0 0.0 1.0 3
2.9711586846666123 1.0 4.0 1.0 4
2.1289788385358195 1.0 0.0 1.0 5
0.3078404157181509 1.0 0.0 1.0 6
3.0741423597229525 1.0 4.0 1.0 7
1.3516384403187773 1.0 0.0 1.0 8
0.685537543015708 1.0 4.0 1.0 9
2.7530165039572787 1.0 0.0 1.0 10
2.479994877200167 1.0 4.0 1.0 11
2.129632314790364 1.0 0.0 1.0 12
1.7286944080686095 1.0 0.0 1.0 13
0.0 1.928695162710311 0.0 2.0 14
2.171586748966625 1.0 0.0 1.0 15
1.8456110537834927 1.0 4.0 1.0 16
2.73216307925086 1.0 0.0 1.0 17
1.6819305665878213 1.0 4.0 1.0 18
4.0 0.1383798534617099 4.0 0.0 19
4.0 1.7845134299581955 4.0 2.0 20
3.6682080451327854 1.0 0.0 1.0 21
0.0 1.4569791395198455 0.0 2.0 22
2.474695305391016 1.0 0.0 1.0 23
1.116637882296568 1.0 4.0 1.0 24
3.5474507424493327 1.0 0.0 1.0 25
4.0 0.4949939529924263 4.0 0.0 26
4.0 0.45198205033662464 4.0 0.0 27
0.8395792878876154 1.0 4.0 1.0 28
0.0 1.8957773082109206 0.0 2.0 29
3.6185976238997704 1.0 0.0 1.0 30
4.486720284096865 1.0 5.0 1.0 31
3.2147601003624247 1.0 0.0 1.0 32
0.0 0.9292844486611072 0.0 1.0 33
3.8591659183192757 1.0 0.0 1.0 34
0.0 0.8928031529363418 0.0 1.0 35
0.0 0.4946588526159562 0.0 0.0 36
4.0 0.7129257632605838 4.0 1.0 37
3.928320517942261 1.0 0.0 1.0 38
4.0 1.0759078079148598 4.0 2.0 39
0.0 0.8942107404490931 0.0 1.0 40
4.0 1.171757635449966 4.0 1.0 41
4.0 0.7539631128606388 4.0 1.0 42
4.390510119966007 1.0 4.0 1.0 43
0.0 0.5694861503712211 0.0 1.0 44
4.0 1.5091082361812278 4.0 1.0 45
0.0 1.8478791280946094 0.0 1.0 46
0.0 0.22495525623549453 0.0 1.0 47
4.0 0.2538579397056091 4.0 1.0 48
4.0 1.7464364407768334 4.0 1.0 49
4.794647355312588 1.0 4.0 1.0 50
0.0 0.0 0.0 1.0 51
4.0 2.0 4.0 1.0 52
*** t=39
1.0099854915864293 1.0 0.0 1.0 0
2.2400584898318003 1.0 4.0 1.0 1
0.0 1.5668160435694396 0.0 2.0 2
0.544130071972103 1.0 0.0 1.0 3
3.103530640822166 1.0 4.0 1.0 4
2.029978108830158 1.0 0.0 1.0 5
0.14026328770808494 1.0 0.0 1.0 6
3.2308401427892197 1.0 4.0 1.0 7
1.2113168418694995 1.0 0.0 1.0 8
0.7557682739746958 1.0 4.0 1.0 9
2.6593921916221652 1.0 0.0 1.0 10
2.6312990022958265 1.0 4.0 1.0 11
2.0048337197812494 1.0 0.0 1.0 12
1.5864637301585491 1.0 0.0 1.0 13
2.04302251028329 1.0 0.0 1.0 14
1.9878916064726673 1.0 4.0 1.0 15
2.618771233213403 1.0 0.0 1.0 16
1.8309267091760335 1.0 4.0 1.0 17
4.0 0.034956511987360495 4.0 0.0 18
4.0 1.8894848081910305 4.0 2.0 19
3.589867341905302 1.0 0.0 1.0 20
0.0 1.5480403357398358 0.0 2.0 21
2.3168637619779546 1.0 0.0 1.0 22
1.2678263024606085 1.0 4.0 1.0 23
3.4436972240528565 1.0 0.0 1.0 24
4.0 0.3874935210633139 4.0 0.0 25
4.0 0.34140933964638376 4.0 0.0 26
0.9810853869558934 1.0 4.0 1.0 27
3.503480759224751 1.0 0.0 1.0 28
4.621876673560217 1.0 5.0 1.0 29
3.0524655640317357 1.0 0.0 1.0 30
0.0 1.022212893527218 0.0 2.0 31
3.745082510151203 1.0 0.0 1.0 32
0.004403547053384582 1.0 4.0 1.0 33
0.0 0.3064912091929508 0.0 0.0 34
4.0 0.8020414836681568 4.0 1.0 35
3.7943605826850435 1.0 0.0 1.0 36
4.0 1.2103962839042177 4.0 2.0 37
0.0432458638572753 1.0 4.0 1.0 38
4.0 1.0337172413582936 4.0 1.0 39
4.0 0.9047557354327666 4.0 1.0 40
4.268612143959208 1.0 4.0 1.0 41
0.0 0.7118576879640264 0.0 1.0 42
4.0 1.3863852952265348 4.0 1.0 43
0.0 1.7971721707928126 0.0 1.0 44
0.0 0.3374328843532418 0.0 1.0 45
4.0 0.38078690955841366 4.0 1.0 46
4.0 1.61965466116525 4.0 1.0 47
4.6919710329688815 1.0 4.0 1.0 48
0.0 0.11761561590750516 0.0 1.0 49
4.0 1.9112119435181218 4.0 1.0 50
4.0 0.0 4.0 1.0 51
5.0 1.0 4.0 1.0 52
*** t=40
0.8991517552416077 1.0 0.0 1.0 0
2.3326315895412804 1.0 4.0 1.0 1
0.0 1.7258679305285665 0.0 2.0 2
0.4091037105167121 1.0 0.0 1.0 3
3.23590259697772 1.0 4.0 1.0 4
1.9309773791244966 1.0 0.0 1.0 5
0.0 1.027313840301981 0.0 2.0 6
3.387537925855487 1.0 4.0 1.0 7
1.0709952434202217 1.0 0.0 1.0 8
0.8259990049336836 1.0 4.0 1.0 9
2.5657678792870517 1.0 0.0 1.0 10
2.7826031273914857 1.0 4.0 1.0 11
1.8800351247721347 1.0 0.0 1.0 12
1.4442330522484887 1.0 0.0 1.0 13
1.9144582715999547 1.0 0.0 1.0 14
2.130172159161842 1.0 4.0 1.0 15
2.505379387175946 1.0 0.0 1.0 16
1.9799228517642458 1.0 4.0 1.0 17
4.0 1.9944561864238655 4.0 2.0 18
3.511526638677819 1.0 0.0 1.0 19
0.0 1.639101531959826 0.0 2.0 20
2.159032218564893 1.0 0.0 1.0 21
1.419014722624649 1.0 4.0 1.0 22
3.3399437056563803 1.0 0.0 1.0 23
4.0 0.2799930891342015 4.0 0.0 24
4.0 0.2308366289561429 4.0 0.0 25
1.1225914860241715 1.0 4.0 1.0 26
3.388363894549732 1.0 0.0 1.0 27
4.757033063023568 1.0 5.0 1.0 28
2.890171027701047 1.0 0.0 1.0 29
0.0 1.1151413383933286 0.0 2.0 30
3.6309991019831305 1.0 0.0 1.0 31
0.11600394117042734 1.0 4.0 1.0 32
0.0 0.11832356576994538 0.0 0.0 33
4.0 0.8911572040757297 4.0 1.0 34
3.660400647427826 1.0 0.0 1.0 35
4.0 1.3448847598935756 4.0 2.0 36
0.1922809872654575 1.0 4.0 1.0 37
3.8956768472666212 1.0 0.0 1.0 38
3.944451641995106 1.0 0.0 1.0 39
4.1467141679524095 1.0 4.0 1.0 40
0.0 0.8542292255568317 0.0 1.0 41
4.0 1.2636623542718417 4.0 1.0 42
0.0 1.7464652134910157 0.0 1.0 43
0.0 0.44991051247098907 0.0 1.0 44
4.0 0.5077158794112182 4.0 1.0 45
4.0 1.4928728815536667 4.0 1.0 46
4.589294710625175 1.0 4.0 1.0 47
0.0 0.23523123181501032 0.0 1.0 48
4.0 1.8224238870362437 4.0 1.0 49
4.0 0.09431879558947122 4.0 1.0 50
4.8886023688449685 1.0 4.0 1.0 51
0.0 0.0 0.0 1.0 52
0.0 2.0 0.0 1.0 53
4.0 2.0 4.0 1.0 54
*** t=41
0.7883180188967862 1.0 0.0 1.0 0
2.4252046892507604 1.0 4.0 1.0 1
0.0 1.8849198174876933 0.0 2.0 2
0.2740773490613213 1.0 0.0 1.0 3
3.368274553133274 1.0 4.0 1.0 4
1.8319766494188352 1.0 0.0 1.0 5
0.0 1.194890968312047 0.0 2.0 6
3.544235708921754 1.0 4.0 1.0 7
0.930673644970944 1.0 0.0 1.0 8
0.8962297358926714 1.0 4.0 1.0 9
2.4721435669519383 1.0 0.0 1.0 10
2.933907252487145 1.0 4.0 1.0 11
1.7552365297630201 1.0 0.0 1.0 12
1.3020023743384284 1.0 0.0 1.0 13
1.7858940329166195 1.0 0.0 1.0 14
2.2724527118510167 1.0 4.0 1.0 15
2.391987541138489 1.0 0.0 1.0 16
2.1289189943524582 1.0 4.0 1.0 17
3.433185935450336 1.0 0.0 1.0 18
0.0 1.7301627281798164 0.0 2.0 19
2.0012006751518316 1.0 0.0 1.0 20
1.5702031427886896 1.0 4.0 1.0 21
3.236190187259904 1.0 0.0 1.0 22
4.0 0.1724926572050891 4.0 0.0 23
4.0 0.12026391826590205 4.0 0.0 24
1.2640975850924496 1.0 4.0 1.0 25
3.273247029874713 1.0 0.0 1.0 26
4.89218945248692 1.0 5.0 1.0 27
2.727876491370358 1.0 0.0 1.0 28
0.0 1.2080697832594394 0.0 2.0 29
3.516915693815058 1.0 0.0 1.0 30
0.2276043352874701 1.0 4.0 1.0 31
4.0 0.9802729244833027 4.0 1.0 32
3.5264407121706087 1.0 0.0 1.0 33
4.0 1.4793732358829335 4.0 2.0 34
0.3413161106736397 1.0 4.0 1.0 35
3.757636453174949 1.0 0.0 1.0 36
3.7936590194229782 1.0 0.0 1.0 37
4.024816191945611 1.0 4.0 1.0 38
0.0 0.996600763149637 0.0 1.0 39
4.0 1.1409394133171487 4.0 1.0 40
0.0 1.6957582561892188 0.0 1.0 41
0.0 0.5623881405887363 0.0 1.0 42
4.0 0.6346448492640228 4.0 1.0 43
4.0 1.3660911019420834 4.0 1.0 44
4.486618388281469 1.0 4.0 1.0 45
0.0 0.3528468477225155 0.0 1.0 46
4.0 1.7336358305543655 4.0 1.0 47
4.0 0.18863759117894244 4.0 1.0 48
4.777204737689937 1.0 4.0 1.0 49
0.0 0.10283560747772155 0.0 1.0 50
0.0 1.9093492426883434 0.0 1.0 51
4.0 1.9412970368194764 4.0 1.0 52
*** t=42
0.6774842825519647 1.0 0.0 1.0 0
2.5177777889602404 1.0 4.0 1.0 1
0.13905098760593051 1.0 0.0 1.0 2
3.5006465092888277 1.0 4.0 1.0 3
1.7329759197131738 1.0 0.0 1.0 4
0.0 1.362468096322113 0.0 2.0 5
3.7009334919880215 1.0 4.0 1.0 6
0.7903520465216662 1.0 0.0 1.0 7
0.9664604668516592 1.0 4.0 1.0 8
2.378519254616825 1.0 0.0 1.0 9
3.0852113775828043 1.0 4.0 1.0 10
1.6304379347539055 1.0 0.0 1.0 11
1.159771696428368 1.0 0.0 1.0 12
1.6573297942332843 1.0 0.0 1.0 13
2.4147332645401915 1.0 4.0 1.0 14
2.278595695101032 1.0 0.0 1.0 15
2.2779151369406705 1.0 4.0 1.0 16
3.3548452322228526 1.0 0.0 1.0 17
0.0 1.8212239243998067 0.0 2.0 18
1.8433691317387702 1.0 0.0 1.0 19
1.72139156295273 1.0 4.0 1.0 20
3.132436668863428 1.0 0.0 1.0 21
4.0 0.06499222527597671 4.0 0.0 22
4.0 0.009691207575661193 4.0 0.0 23
1.4056036841607278 1.0 4.0 1.0 24
3.158130165199694 1.0 0.0 1.0 25
2.565581955039669 1.0 0.0 1.0 26
0.0 1.30099822812555 0.0 2.0 27
3.4028322856469853 1.0 0.0 1.0 28
0.33920472940451285 1.0 4.0 1.0 29
3.930611355109124 1.0 0.0 1.0 30
3.3924807769133913 1.0 0.0 1.0 31
4.0 1.6138617118722913 4.0 2.0 32
0.4903512340818219 1.0 4.0 1.0 33
3.6195960590832765 1.0 0.0 1.0 34
3.6428663968508506 1.0 0.0 1.0 35
4.0 1.0970817840611875 4.0 2.0 36
0.0 1.1389723007424422 0.0 2.0 37
4.0 1.0182164723624556 4.0 1.0 38
0.0 1.645051298887422 0.0 1.0 39
0.0 0.6748657687064836 0.0 1.0 40
4.0 0.7615738191168273 4.0 1.0 41
4.0 1.2393093223305 4.0 1.0 42
4.383942065937763 1.0 4.0 1.0 43
0.0 0.47046246363002064 0.0 1.0 44
4.0 1.6448477740724874 4.0 1.0 45
4.0 0.28295638676841367 4.0 1.0 46
4.665807106534905 1.0 4.0 1.0 47
0.0 0.2056712149554431 0.0 1.0 48
0.0 1.8186984853766868 0.0 1.0 49
4.0 1.8825940736389528 4.0 1.0 50
0.0 0.0 0.0 1.0 51
4.0 0.0 4.0 1.0 52
4.0 2.0 4.0 1.0 53
5.0 1.0 4.0 1.0 54
*** t=43
0.5666505462071432 1.0 0.0 1.0 0
2.6103508886697204 1.0 4.0 1.0 1
0.004024626150539723 1.0 0.0 1.0 2
3.6330184654443816 1.0 4.0 1.0 3
1.6339751900075123 1.0 0.0 1.0 4
0.0 1.530045224332179 0.0 2.0 5
3.8576312750542887 1.0 4.0 1.0 6
0.6500304480723885 1.0 0.0 1.0 7
1.036691197810647 1.0 4.0 1.0 8
2.2848949422817113 1.0 0.0 1.0 9
3.2365155026784636 1.0 4.0 1.0 10
1.505639339744791 1.0 0.0 1.0 11
1.0175410185183076 1.0 0.0 1.0 12
1.528765555549949 1.0 0.0 1.0 13
2.5570138172293664 1.0 4.0 1.0 14
2.165203849063575 1.0 0.0 1.0 15
2.4269112795288827 1.0 4.0 1.0 16
3.2765045289953694 1.0 0.0 1.0 17
0.0 1.912285120619797 0.0 2.0 18
1.6855375883257087 1.0 0.0 1.0 19
1.8725799831167707 1.0 4.0 1.0 20
3.028683150466952 1.0 0.0 1.0 21
1.547109783229006 1.0 4.0 1.0 22
3.0430133005246747 1.0 0.0 1.0 23
2.40328741870898 1.0 0.0 1.0 24
0.0 1.3939266729916608 0.0 2.0 25
3.2887488774789126 1.0 0.0 1.0 26
0.4508051235215556 1.0 4.0 1.0 27
3.8414956347015514 1.0 0.0 1.0 28
3.258520841656174 1.0 0.0 1.0 29
4.0 1.7483501878616492 4.0 2.0 30
0.639386357490004 1.0 4.0 1.0 31
3.481555664991604 1.0 0.0 1.0 32
3.492073774278723 1.0 0.0 1.0 33
4.0 1.218979760067986 4.0 2.0 34
0.0 1.2813438383352473 0.0 2.0 35
3.8954935314077628 1.0 0.0 1.0 36
0.0 1.594344341585625 0.0 1.0 37
0.0 0.7873433968242309 0.0 1.0 38
4.0 0.8885027889696319 4.0 1.0 39
4.0 1.1125275427189167 4.0 1.0 40
4.281265743594057 1.0 4.0 1.0 41
0.0 0.5880780795375258 0.0 1.0 42
4.0 1.5560597175906092 4.0 1.0 43
4.0 0.3772751823578849 4.0 1.0 44
4.554409475379874 1.0 4.0 1.0 45
0.0 0.30850682243316463 0.0 1.0 46
0.0 1.7280477280650302 0.0 1.0 47
4.0 1.8238911104584292 4.0 1.0 48
0.0 0.14902614287009205 0.0 1.0 49
4.0 0.1624362128632094 4.0 1.0 50
4.0 1.876642442266341 4.0 1.0 51
4.83511666489691 1.0 4.0 1.0 52
*** t=44
0.45581680986232165 1.0 0.0 1.0 0
2.7029239883792004 1.0 4.0 1.0 1
0.0 0.868998264695149 0.0 0.0 2
3.7653904215999354 1.0 4.0 1.0 3
1.534974460301851 1.0 0.0 1.0 4
0.0 1.697622352342245 0.0 2.0 5
4.0 0.9856709418794438 4.0 0.0 6
0.5097088496231108 1.0 0.0 1.0 7
1.1069219287696348 1.0 4.0 1.0 8
2.191270629946598 1.0 0.0 1.0 9
3.387819627774123 1.0 4.0 1.0 10
1.3808407447356763 1.0 0.0 1.0 11
0.8753103406082472 1.0 0.0 1.0 12
1.4002013168666139 1.0 0.0 1.0 13
2.699294369918541 1.0 4.0 1.0 14
2.051812003026118 1.0 0.0 1.0 15
2.575907422117095 1.0 4.0 1.0 16
3.198163825767886 1.0 0.0 1.0 17
1.5277060449126472 1.0 0.0 1.0 18
2.0237684032808114 1.0 4.0 1.0 19
2.9249296320704756 1.0 0.0 1.0 20
1.688615882297284 1.0 4.0 1.0 21
2.9278964358496555 1.0 0.0 1.0 22
2.240992882378291 1.0 0.0 1.0 23
0.0 1.4868551178577716 0.0 2.0 24
3.17466546931084 1.0 0.0 1.0 25
0.5624055176385984 1.0 4.0 1.0 26
3.7523799142939787 1.0 0.0 1.0 27
3.1245609063989566 1.0 0.0 1.0 28
4.0 1.882838663851007 4.0 2.0 29
0.7884214808981862 1.0 4.0 1.0 30
3.343515270899932 1.0 0.0 1.0 31
3.3412811517065952 1.0 0.0 1.0 32
4.0 1.3408777360747843 4.0 2.0 33
0.0 1.4237153759280525 0.0 2.0 34
3.77277059045307 1.0 0.0 1.0 35
0.0 1.5436373842838282 0.0 1.0 36
0.0 0.8998210249419782 0.0 1.0 37
4.015431758822436 1.0 5.0 1.0 38
4.0 0.9857457631073334 4.0 0.0 39
4.178589421250351 1.0 4.0 1.0 40
0.0 0.7056936954450309 0.0 1.0 41
4.0 1.467271661108731 4.0 1.0 42
4.0 0.4715939779473561 4.0 1.0 43
4.443011844224842 1.0 4.0 1.0 44
0.0 0.4113424299108862 0.0 1.0 45
0.0 1.6373969707533735 0.0 1.0 46
4.0 1.7651881472779056 4.0 1.0 47
0.0 0.2980522857401841 0.0 1.0 48
4.0 0.3248724257264188 4.0 1.0 49
4.0 1.753284884532682 4.0 1.0 50
4.67023332979382 1.0 4.0 1.0 51
0.0 0.0 0.0 1.0 52
4.0 2.0 4.0 1.0 53
*** t=45
0.3449830735175001 1.0 0.0 1.0 0
2.7954970880886805 1.0 4.0 1.0 1
0.0 0.7339719032397581 0.0 0.0 2
3.8977623777554893 1.0 4.0 1.0 3
1.4359737305961895 1.0 0.0 1.0 4
0.0 1.8651994803523109 0.0 2.0 5
4.0 0.8289731588131763 4.0 0.0 6
0.3693872511738331 1.0 0.0 1.0 7
1.1771526597286226 1.0 4.0 1.0 8
2.0976463176114843 1.0 0.0 1.0 9
3.539123752869782 1.0 4.0 1.0 10
1.2560421497265617 1.0 0.0 1.0 11
0.7330796626981868 1.0 0.0 1.0 12
1.2716370781832786 1.0 0.0 1.0 13
2.841574922607716 1.0 4.0 1.0 14
1.938420156988661 1.0 0.0 1.0 15
2.7249035647053073 1.0 4.0 1.0 16
3.119823122540403 1.0 0.0 1.0 17
1.3698745014995857 1.0 0.0 1.0 18
2.174956823444852 1.0 4.0 1.0 19
2.8211761136739995 1.0 0.0 1.0 20
1.8301219813655623 1.0 4.0 1.0 21
2.8127795711746364 1.0 0.0 1.0 22
2.0786983460476023 1.0 0.0 1.0 23
0.0 1.5797835627238823 0.0 2.0 24
3.0605820611427674 1.0 0.0 1.0 25
0.6740059117556412 1.0 4.0 1.0 26
3.663264193886406 1.0 0.0 1.0 27
2.990600971141739 1.0 0.0 1.0 28
0.9374566043063683 1.0 4.0 1.0 29
3.2054748768082595 1.0 0.0 1.0 30
3.1904885291344676 1.0 0.0 1.0 31
4.0 1.4627757120815827 4.0 2.0 32
0.0 1.5660869135208577 0.0 2.0 33
3.650047649498377 1.0 0.0 1.0 34
0.0 1.4929304269820314 0.0 1.0 35
0.012298653059725509 1.0 4.0 1.0 36
4.142360728675241 1.0 5.0 1.0 37
4.0 0.8589639834957501 4.0 0.0 38
4.0759130989066445 1.0 4.0 1.0 39
0.0 0.823309311352536 0.0 1.0 40
4.0 1.378483604626853 4.0 1.0 41
4.0 0.5659127735368273 4.0 1.0 42
4.331614213069811 1.0 4.0 1.0 43
0.0 0.5141780373886078 0.0 1.0 44
0.0 1.546746213441717 0.0 1.0 45
4.0 1.706485184097382 4.0 1.0 46
0.0 0.44707842861027614 0.0 1.0 47
4.0 0.48730863858962814 4.0 1.0 48
4.0 1.629927326799023 4.0 1.0 49
4.5053499946907305 1.0 4.0 1.0 50
0.0 0.1587188985972688 0.0 1.0 51
4.0 1.8511083669476431 4.0 1.0 52
0.0 2.0 0.0 1.0 53
4.0 0.0 4.0 1.0 54
5.0 1.0 4.0 1.0 55
*** t=46
0.2341493371726786 1.0 0.0 1.0 0
2.8880701877981605 1.0 4.0 1.0 1
0.0 0.5989455417843673 0.0 0.0 2
4.0 0.969865666088957 4.0 0.0 3
1.336973000890528 1.0 0.0 1.0 4
4.0 0.6722753757469089 4.0 0.0 5
0.22906565272455534 1.0 0.0 1.0 6
1.2473833906876104 1.0 4.0 1.0 7
2.004022005276371 1.0 0.0 1.0 8
3.6904278779654414 1.0 4.0 1.0 9
1.131243554717447 1.0 0.0 1.0 10
0.5908489847881264 1.0 0.0 1.0 11
1.1430728394999434 1.0 0.0 1.0 12
2.983855475296891 1.0 4.0 1.0 13
1.825028310951204 1.0 0.0 1.0 14
2.8738997072935195 1.0 4.0 1.0 15
3.0414824193129197 1.0 0.0 1.0 16
1.2120429580865242 1.0 0.0 1.0 17
2.326145243608893 1.0 4.0 1.0 18
2.7174225952775233 1.0 0.0 1.0 19
1.9716280804338404 1.0 4.0 1.0 20
2.6976627064996173 1.0 0.0 1.0 21
1.9164038097169134 1.0 0.0 1.0 22
0.0 1.672712007589993 0.0 2.0 23
2.946498652974695 1.0 0.0 1.0 24
0.7856063058726839 1.0 4.0 1.0 25
3.574148473478833 1.0 0.0 1.0 26
2.856641035884522 1.0 0.0 1.0 27
1.0864917277145505 1.0 4.0 1.0 28
3.067434482716587 1.0 0.0 1.0 29
3.03969590656234 1.0 0.0 1.0 30
4.0 1.5846736880883812 4.0 2.0 31
0.0 1.708458451113663 0.0 2.0 32
3.5273247085436843 1.0 0.0 1.0 33
0.0 1.4422234696802345 0.0 1.0 34
0.12477628117747278 1.0 4.0 1.0 35
4.269289698528046 1.0 5.0 1.0 36
4.0 0.7321822038841668 4.0 0.0 37
4.0 1.026763223437062 4.0 2.0 38
0.0 0.9409249272600412 0.0 1.0 39
4.0 1.2896955481449748 4.0 1.0 40
4.0 0.6602315691262985 4.0 1.0 41
4.220216581914779 1.0 4.0 1.0 42
0.0 0.6170136448663294 0.0 1.0 43
0.0 1.4560954561300603 0.0 1.0 44
4.0 1.6477822209168584 4.0 1.0 45
0.0 0.5961045714803682 0.0 1.0 46
4.0 0.6497448514528376 4.0 1.0 47
4.0 1.506569769065364 4.0 1.0 48
4.340466659587641 1.0 4.0 1.0 49
0.0 0.3174377971945376 0.0 1.0 50
4.0 1.7022167338952863 4.0 1.0 51
0.0 1.8506353837416747 0.0 1.0 52
4.0 0.12927638932055735 4.0 1.0 53
4.891254747726584 1.0 4.0 1.0 54
0.0 0.0 0.0 1.0 55
4.0 2.0 4.0 1.0 56
*** t=47
0.1233156008278571 1.0 0.0 1.0 0
2.9806432875076405 1.0 4.0 1.0 1
0.0 0.4639191803289765 0.0 0.0 2
4.0 0.8374937099334032 4.0 0.0 3
1.2379722711848666 1.0 0.0 1.0 4
4.0 0.5155775926806414 4.0 0.0 5
0.0887440542752776 1.0 0.0 1.0 6
1.3176141216465982 1.0 4.0 1.0 7
1.9103976929412576 1.0 0.0 1.0 8
3.8417320030611006 1.0 4.0 1.0 9
1.0064449597083325 1.0 0.0 1.0 10
0.44861830687806603 1.0 0.0 1.0 11
1.0145086008166082 1.0 0.0 1.0 12
3.1261360279860657 1.0 4.0 1.0 13
1.711636464913747 1.0 0.0 1.0 14
3.0228958498817318 1.0 4.0 1.0 15
2.9631417160854365 1.0 0.0 1.0 16
1.0542114146734627 1.0 0.0 1.0 17
2.4773336637729337 1.0 4.0 1.0 18
2.613669076881047 1.0 0.0 1.0 19
2.1131341795021186 1.0 4.0 1.0 20
2.582545841824598 1.0 0.0 1.0 21
1.7541092733862245 1.0 0.0 1.0 22
0.0 1.7656404524561038 0.0 2.0 23
2.832415244806622 1.0 0.0 1.0 24
0.8972066999897266 1.0 4.0 1.0 25
3.4850327530712604 1.0 0.0 1.0 26
2.7226811006273044 1.0 0.0 1.0 27
1.2355268511227326 1.0 4.0 1.0 28
2.929394088624915 1.0 0.0 1.0 29
2.8889032839902122 1.0 0.0 1.0 30
4.0 1.7065716640951796 4.0 2.0 31
0.0 1.850829988706468 0.0 2.0 32
3.4046017675889915 1.0 0.0 1.0 33
0.0 1.3915165123784377 0.0 1.0 34
0.23725390929522006 1.0 4.0 1.0 35
4.39621866838085 1.0 5.0 1.0 36
4.0 0.6054004242725834 4.0 0.0 37
4.0 1.1294395457807687 4.0 2.0 38
0.0 1.0585405431675463 0.0 2.0 39
4.0 1.2009074916630966 4.0 1.0 40
4.0 0.7545503647157698 4.0 1.0 41
4.108818950759748 1.0 4.0 1.0 42
0.0 0.719849252344051 0.0 1.0 43
0.0 1.3654446988184037 0.0 1.0 44
4.0 1.5890792577363348 4.0 1.0 45
0.0 0.7451307143504603 0.0 1.0 46
4.0 0.812181064316047 4.0 1.0 47
4.0 1.3832122113317051 4.0 1.0 48
4.175583324484551 1.0 4.0 1.0 49
0.0 0.47615669579180636 0.0 1.0 50
4.0 1.5533251008429294 4.0 1.0 51
0.0 1.7012707674833494 0.0 1.0 52
4.0 0.2585527786411147 4.0 1.0 53
4.7825094954531675 1.0 4.0 1.0 54
0.0 0.14798453108889725 0.0 1.0 55
4.0 1.9195276386706177 4.0 1.0 56
*** t=48
0.012481864483035593 1.0 0.0 1.0 0
3.0732163872171205 1.0 4.0 1.0 1
0.0 0.3288928188735857 0.0 0.0 2
4.0 0.7051217537778495 4.0 0.0 3
1.1389715414792052 1.0 0.0 1.0 4
4.0 0.358879809614374 4.0 0.0 5
0.0 1.051577544174 0.0 2.0 6
1.387844852605586 1.0 4.0 1.0 7
1.8167733806061444 1.0 0.0 1.0 8
3.99303612815676 1.0 4.0 1.0 9
0.8816463646992179 1.0 0.0 1.0 10
0.30638762896800564 1.0 0.0 1.0 11
0.8859443621332729 1.0 0.0 1.0 12
3.2684165806752405 1.0 4.0 1.0 13
1.59824461887629 1.0 0.0 1.0 14
3.171891992469944 1.0 4.0 1.0 15
2.8848010128579533 1.0 0.0 1.0 16
0.8963798712604011 1.0 0.0 1.0 17
2.6285220839369745 1.0 4.0 1.0 18
2.509915558484571 1.0 0.0 1.0 19
2.2546402785703967 1.0 4.0 1.0 20
2.467428977149579 1.0 0.0 1.0 21
1.5918147370555356 1.0 0.0 1.0 22
0.0 1.8585688973222145 0.0 2.0 23
2.7183318366385496 1.0 0.0 1.0 24
1.0088070941067693 1.0 4.0 1.0 25
3.3959170326636876 1.0 0.0 1.0 26
2.588721165370087 1.0 0.0 1.0 27
1.3845619745309148 1.0 4.0 1.0 28
2.7913536945332424 1.0 0.0 1.0 29
2.7381106614180846 1.0 0.0 1.0 30
4.0 1.828469640101978 4.0 2.0 31
0.0 1.9932015262992733 0.0 2.0 32
3.2818788266342986 1.0 0.0 1.0 33
0.0 1.3408095550766408 0.0 1.0 34
0.3497315374129673 1.0 4.0 1.0 35
4.523147638233655 1.0 5.0 1.0 36
4.0 0.47861864466100007 4.0 0.0 37
4.0 1.2321158681244753 4.0 2.0 38
0.0 1.1761561590750516 0.0 2.0 39
4.0 1.1121194351812185 4.0 1.0 40
4.0 0.848869160305241 4.0 1.0 41
4.0 1.0025786803952834 4.0 2.0 42
0.0 0.8226848598217725 0.0 1.0 43
0.0 1.274793941506747 0.0 1.0 44
4.0 1.5303762945558113 4.0 1.0 45
0.0 0.8941568572205524 0.0 1.0 46
4.0 0.9746172771792564 4.0 1.0 47
4.0 1.2598546535980462 4.0 1.0 48
4.010699989381461 1.0 4.0 1.0 49
0.0 0.6348755943890751 0.0 1.0 50
4.0 1.4044334677905725 4.0 1.0 51
0.0 1.551906151225024 0.0 1.0 52
4.0 0.38782916796167205 4.0 1.0 53
4.673764243179751 1.0 4.0 1.0 54
0.0 0.2959690621777945 0.0 1.0 55
4.0 1.8390552773412354 4.0 1.0 56
0.0 0.0 0.0 1.0 57
4.0 0.0 4.0 1.0 58
4.0 2.0 4.0 1.0 59
5.0 1.0 4.0 1.0 60
*** t=49
0.0 0.901648128138214 0.0 0.0 0
3.1657894869266006 1.0 4.0 1.0 1
0.0 0.1938664574181949 0.0 0.0 2
4.0 0.5727497976222957 4.0 0.0 3
1.0399708117735438 1.0 0.0 1.0 4
4.0 0.20218202654810657 4.0 0.0 5
0.0 1.191899142623278 0.0 2.0 6
1.4580755835645738 1.0 4.0 1.0 7
1.723149068271031 1.0 0.0 1.0 8
4.0 1.1443402532524194 4.0 2.0 9
0.7568477696901033 1.0 0.0 1.0 10
0.16415695105794523 1.0 0.0 1.0 11
0.7573801234499375 1.0 0.0 1.0 12
3.4106971333644154 1.0 4.0 1.0 13
1.484852772838833 1.0 0.0 1.0 14
3.3208881350581563 1.0 4.0 1.0 15
2.80646030963047 1.0 0.0 1.0 16
0.7385483278473395 1.0 0.0 1.0 17
2.7797105041010153 1.0 4.0 1.0 18
2.4061620400880948 1.0 0.0 1.0 19
2.396146377638675 1.0 4.0 1.0 20
2.35231211247456 1.0 0.0 1.0 21
1.4295202007248466 1.0 0.0 1.0 22
0.0 1.9514973421883253 0.0 2.0 23
2.604248428470477 1.0 0.0 1.0 24
1.120407488223812 1.0 4.0 1.0 25
3.306801312256115 1.0 0.0 1.0 26
2.4547612301128696 1.0 0.0 1.0 27
1.533597097939097 1.0 4.0 1.0 28
2.65331330044157 1.0 0.0 1.0 29
2.587318038845957 1.0 0.0 1.0 30
4.0 1.9503676161087764 4.0 2.0 31
3.159155885679606 1.0 0.0 1.0 32
0.0 1.290102597774844 0.0 1.0 33
0.46220916553071456 1.0 4.0 1.0 34
4.65007660808646 1.0 5.0 1.0 35
4.0 0.3518368650494167 4.0 0.0 36
4.0 1.3347921904681819 4.0 2.0 37
0.0 1.2937717749825568 0.0 2.0 38
4.0 1.0233313786993403 4.0 1.0 39
4.0 0.9431879558947122 4.0 1.0 40
4.0 1.1139763115503145 4.0 2.0 41
0.0 0.9255204672994941 0.0 1.0 42
0.0 1.1841431841950905 0.0 1.0 43
4.0 1.4716733313752877 4.0 1.0 44
0.043183000090644436 1.0 4.0 1.0 45
3.8629465099575344 1.0 0.0 1.0 46
4.0 1.1364970958643872 4.0 1.0 47
3.8458166542783707 1.0 0.0 1.0 48
0.0 0.7935944929863439 0.0 1.0 49
4.0 1.2555418347382157 4.0 1.0 50
0.0 1.4025415349666988 0.0 1.0 51
4.0 0.5171055572822294 4.0 1.0 52
4.565018990906335 1.0 4.0 1.0 53
0.0 0.44395359326669176 0.0 1.0 54
4.0 1.7585829160118531 4.0 1.0 55
0.0 0.10796622245080101 0.0 1.0 56
4.0 0.11263594720588203 4.0 1.0 57
4.0 1.9160566183931784 4.0 1.0 58
4.905385531736097 1.0 4.0 1.0 59
*** t=50
0.0 0.7908143917933925 0.0 0.0 0
3.2583625866360806 1.0 4.0 1.0 1
0.0 0.058840095962804095 0.0 0.0 2
4.0 0.44037784146674197 4.0 0.0 3
0.9409700820678825 1.0 0.0 1.0 4
4.0 0.04548424348183916 4.0 0.0 5
0.0 1.3322207410725557 0.0 2.0 6
1.5283063145235616 1.0 4.0 1.0 7
1.6295247559359178 1.0 0.0 1.0 8
4.0 1.2956443783480789 4.0 2.0 9
0.6320491746809886 1.0 0.0 1.0 10
0.02192627314788481 1.0 0.0 1.0 11
0.6288158847666022 1.0 0.0 1.0 12
3.55297768605359 1.0 4.0 1.0 13
1.371460926801376 1.0 0.0 1.0 14
3.4698842776463685 1.0 4.0 1.0 15
2.728119606402987 1.0 0.0 1.0 16
0.5807167844342779 1.0 0.0 1.0 17
2.930898924265056 1.0 4.0 1.0 18
2.3024085216916186 1.0 0.0 1.0 19
2.537652476706953 1.0 4.0 1.0 20
2.2371952477995407 1.0 0.0 1.0 21
1.2672256643941577 1.0 0.0 1.0 22
2.4901650203024044 1.0 0.0 1.0 23
1.2320078823408547 1.0 4.0 1.0 24
3.217685591848542 1.0 0.0 1.0 25
2.3208012948556522 1.0 0.0 1.0 26
1.682632221347279 1.0 4.0 1.0 27
2.5152729063498978 1.0 0.0 1.0 28
2.4365254162738292 1.0 0.0 1.0 29
3.036432944724913 1.0 0.0 1.0 30
0.0 1.239395640473047 0.0 1.0 31
0.5746867936484619 1.0 4.0 1.0 32
4.777005577939264 1.0 5.0 1.0 33
4.0 0.2250550854378333 4.0 0.0 34
4.0 1.4374685128118885 4.0 2.0 35
0.0 1.411387390890062 0.0 2.0 36
3.934543322217462 1.0 0.0 1.0 37
3.9624932485158166 1.0 0.0 1.0 38
4.0 1.2253739427053456 4.0 2.0 39
0.0 1.0283560747772156 0.0 2.0 40
0.0 1.0934924268834338 0.0 1.0 41
4.0 1.412970368194764 4.0 1.0 42
0.1922091429607365 1.0 4.0 1.0 43
3.700510297094325 1.0 0.0 1.0 44
4.0 1.0131395381307282 4.0 1.0 45
3.6809333191752804 1.0 0.0 1.0 46
0.0 0.9523133915836126 0.0 1.0 47
4.0 1.1066502016858588 4.0 1.0 48
0.0 1.2531769187083734 0.0 1.0 49
4.0 0.6463819466027867 4.0 1.0 50
4.456273738632919 1.0 4.0 1.0 51
0.0 0.591938124355589 0.0 1.0 52
4.0 1.6781105546824708 4.0 1.0 53
0.0 0.21593244490160202 0.0 1.0 54
4.0 0.22527189441176407 4.0 1.0 55
4.0 1.8321132367863568 4.0 1.0 56
4.810771063472194 1.0 4.0 1.0 57
0.0 0.0 0.0 1.0 58
0.0 2.0 0.0 1.0 59
4.0 2.0 4.0 1.0 60
