*** t=1
*** t=2
0.0 0.0 0.0 1.0 0
4.0 2.0 4.0 1.0 1
*** t=3
0.0 0.14623612678683354 0.0 1.0 0
4.0 1.8472636881526332 4.0 1.0 1
4.0 0.0 4.0 1.0 2
5.0 1.0 4.0 1.0 3
*** t=4
0.0 0.2924722535736671 0.0 1.0 0
4.0 1.6945273763052664 4.0 1.0 1
4.0 0.09924116786481042 4.0 1.0 2
4.837691287854603 1.0 4.0 1.0 3
0.0 0.0 0.0 1.0 4
4.0 2.0 4.0 1.0 5
*** t=5
0.0 0.43870838036050064 0.0 1.0 0
4.0 1.5417910644578996 4.0 1.0 1
4.0 0.19848233572962085 4.0 1.0 2
4.675382575709206 1.0 4.0 1.0 3
0.0 0.11592529288111772 0.0 1.0 4
4.0 1.8936531535496879 4.0 1.0 5
0.0 2.0 0.0 1.0 6
*** t=6
0.0 0.5849445071473341 0.0 1.0 0
4.0 1.3890547526105328 4.0 1.0 1
4.0 0.2977235035944313 4.0 1.0 2
4.513073863563808 1.0 4.0 1.0 3
0.0 0.23185058576223544 0.0 1.0 4
4.0 1.7873063070993758 4.0 1.0 5
0.0 1.8885736953758536 0.0 1.0 6
0.0 0.0 0.0 1.0 7
4.0 0.0 4.0 1.0 8
4.0 2.0 4.0 1.0 9
5.0 1.0 4.0 1.0 10
*** t=7
0.0 0.7311806339341677 0.0 1.0 0
4.0 1.236318440763166 4.0 1.0 1
4.0 0.3969646714592417 4.0 1.0 2
4.350765151418411 1.0 4.0 1.0 3
0.0 0.34777587864335313 0.0 1.0 4
4.0 1.6809594606490637 4.0 1.0 5
0.0 1.7771473907517072 0.0 1.0 6
0.0 0.18006463550905147 0.0 1.0 7
4.0 0.06921216929037474 4.0 1.0 8
4.0 1.8575797644889325 4.0 1.0 9
4.858169439972858 1.0 4.0 1.0 10
*** t=8
0.0 0.8774167607210012 0.0 1.0 0
4.0 1.0835821289157992 4.0 1.0 1
4.0 0.4962058393240521 4.0 1.0 2
4.188456439273014 1.0 4.0 1.0 3
0.0 0.4637011715244709 0.0 1.0 4
4.0 1.5746126141987515 4.0 1.0 5
0.0 1.6657210861275609 0.0 1.0 6
0.0 0.36012927101810294 0.0 1.0 7
4.0 0.13842433858074948 4.0 1.0 8
4.0 1.715159528977865 4.0 1.0 9
4.716338879945717 1.0 4.0 1.0 10
0.0 0.0 0.0 1.0 11
4.0 2.0 4.0 1.0 12
*** t=9
0.0 1.0236528875078348 0.0 2.0 0
3.930845817068432 1.0 0.0 1.0 1
4.0 0.5954470071888626 4.0 1.0 2
4.026147727127617 1.0 4.0 1.0 3
0.0 0.5796264644055886 0.0 1.0 4
4.0 1.4682657677484394 4.0 1.0 5
0.0 1.5542947815034145 0.0 1.0 6
0.0 0.5401939065271544 0.0 1.0 7
4.0 0.20763650787112423 4.0 1.0 8
4.0 1.5727392934667974 4.0 1.0 9
4.574508319918575 1.0 4.0 1.0 10
0.0 0.10604237677955201 0.0 1.0 11
4.0 1.8770002894197129 4.0 1.0 12
4.0 0.0 4.0 1.0 13
5.0 1.0 4.0 1.0 14
*** t=10
0.0 1.1698890142946683 0.0 2.0 0
3.778109505221065 1.0 0.0 1.0 1
4.0 0.694688175053673 4.0 1.0 2
3.8638390149822195 1.0 0.0 1.0 3
0.0 0.6955517572867064 0.0 1.0 4
4.0 1.3619189212981273 4.0 1.0 5
0.0 1.4428684768792681 0.0 1.0 6
0.0 0.7202585420362059 0.0 1.0 7
4.0 0.27684867716149897 4.0 1.0 8
4.0 1.4303190579557299 4.0 1.0 9
4.432677759891433 1.0 4.0 1.0 10
0.0 0.21208475355910403 0.0 1.0 11
4.0 1.7540005788394257 4.0 1.0 12
4.0 0.1350686893365039 4.0 1.0 13
4.876577134025064 1.0 4.0 1.0 14
0.0 0.0 0.0 1.0 15
0.0 2.0 0.0 1.0 16
4.0 2.0 4.0 1.0 17
*** t=11
0.0 1.3161251410815018 0.0 2.0 0
3.625373193373698 1.0 0.0 1.0 1
4.0 0.7939293429184834 4.0 1.0 2
3.7015303028368223 1.0 0.0 1.0 3
0.0 0.8114770501678241 0.0 1.0 4
4.0 1.2555720748478152 4.0 1.0 5
0.0 1.3314421722551217 0.0 1.0 6
0.0 0.9003231775452574 0.0 1.0 7
4.0 0.34606084645187374 4.0 1.0 8
4.0 1.2878988224446624 4.0 1.0 9
4.290847199864292 1.0 4.0 1.0 10
0.0 0.31812713033865603 0.0 1.0 11
4.0 1.6310008682591386 4.0 1.0 12
4.0 0.2701373786730078 4.0 1.0 13
4.753154268050128 1.0 4.0 1.0 14
0.0 0.12954722088720294 0.0 1.0 15
0.0 1.8498546319188547 0.0 1.0 16
4.0 1.92475285378092 4.0 1.0 17
*** t=12
0.0 1.4623612678683353 0.0 2.0 0
3.472636881526331 1.0 0.0 1.0 1
4.0 0.8931705107832938 4.0 1.0 2
3.539221590691425 1.0 0.0 1.0 3
0.0 0.9274023430489419 0.0 1.0 4
4.0 1.149225228397503 4.0 1.0 5
0.0 1.2200158676309754 0.0 1.0 6
0.0 1.0803878130543088 0.0 2.0 7
4.0 0.4152730157422485 4.0 1.0 8
4.0 1.1454785869335948 4.0 1.0 9
4.14901663983715 1.0 4.0 1.0 10
0.0 0.42416950711820806 0.0 1.0 11
4.0 1.5080011576788515 4.0 1.0 12
4.0 0.4052060680095117 4.0 1.0 13
4.629731402075192 1.0 4.0 1.0 14
0.0 0.2590944417744059 0.0 1.0 15
0.0 1.6997092638377094 0.0 1.0 16
4.0 1.84950570756184 4.0 1.0 17
0.0 0.0 0.0 1.0 18
4.0 0.0 4.0 1.0 19
4.0 2.0 4.0 1.0 20
5.0 1.0 4.0 1.0 21
*** t=13
0.0 1.6085973946551688 0.0 2.0 0
3.319900569678964 1.0 0.0 1.0 1
4.0 0.9924116786481042 4.0 1.0 2
3.376912878546028 1.0 0.0 1.0 3
0.04332763593005959 1.0 4.0 1.0 4
4.0 1.042878381947191 4.0 1.0 5
0.0 1.108589563006829 0.0 1.0 6
0.0 1.2604524485633601 0.0 2.0 7
4.0 0.4844851850326233 4.0 1.0 8
4.0 1.0030583514225273 4.0 1.0 9
4.007186079810008 1.0 4.0 1.0 10
0.0 0.5302118838977601 0.0 1.0 11
4.0 1.3850014470985643 4.0 1.0 12
4.0 0.5402747573460156 4.0 1.0 13
4.506308536100256 1.0 4.0 1.0 14
0.0 0.3886416626616088 0.0 1.0 15
0.0 1.549563895756564 0.0 1.0 16
4.0 1.77425856134276 4.0 1.0 17
0.0 0.1330052905956368 0.0 1.0 18
4.0 0.16746392608248362 4.0 1.0 19
4.0 1.9024493197453634 4.0 1.0 20
4.879126062630792 1.0 4.0 1.0 21
*** t=14
0.0 1.7548335214420023 0.0 2.0 0
3.167164257831597 1.0 0.0 1.0 1
3.9083471534870853 1.0 0.0 1.0 2
3.2146041664006306 1.0 0.0 1.0 3
0.1592529288111773 1.0 4.0 1.0 4
3.936531535496879 1.0 0.0 1.0 5
0.0 0.9971632583826826 0.0 0.0 6
0.0 1.4405170840724115 0.0 2.0 7
4.0 0.553697354322998 4.0 1.0 8
4.13936188408854 1.0 5.0 1.0 9
3.8653555197828666 1.0 0.0 1.0 10
0.0 0.6362542606773121 0.0 1.0 11
4.0 1.2620017365182772 4.0 1.0 12
4.0 0.6753434466825194 4.0 1.0 13
4.3828856701253205 1.0 4.0 1.0 14
0.0 0.5181888835488118 0.0 1.0 15
0.0 1.3994185276754187 0.0 1.0 16
4.0 1.69901141512368 4.0 1.0 17
0.0 0.2660105811912736 0.0 1.0 18
4.0 0.33492785216496723 4.0 1.0 19
4.0 1.8048986394907267 4.0 1.0 20
4.758252125261585 1.0 4.0 1.0 21
0.0 0.0 0.0 1.0 22
4.0 2.0 4.0 1.0 23
*** t=15
0.0 1.9010696482288358 0.0 2.0 0
3.01442794598423 1.0 0.0 1.0 1
3.8091059856222746 1.0 0.0 1.0 2
3.0522954542552334 1.0 0.0 1.0 3
0.275178221692295 1.0 4.0 1.0 4
3.8301846890465665 1.0 0.0 1.0 5
0.0 0.8857369537585362 0.0 0.0 6
0.0 1.620581719581463 0.0 2.0 7
4.0 0.6229095236133728 4.0 1.0 8
4.281782119599607 1.0 5.0 1.0 9
3.723524959755725 1.0 0.0 1.0 10
0.0 0.742296637456864 0.0 1.0 11
4.0 1.13900202593799 4.0 1.0 12
4.0 0.8104121360190233 4.0 1.0 13
4.259462804150385 1.0 4.0 1.0 14
0.0 0.6477361044360147 0.0 1.0 15
0.0 1.2492731595942734 0.0 1.0 16
4.0 1.6237642689046 4.0 1.0 17
0.0 0.39901587178691034 0.0 1.0 18
4.0 0.5023917782474508 4.0 1.0 19
4.0 1.70734795923609 4.0 1.0 20
4.637378187892377 1.0 4.0 1.0 21
0.0 0.12970297718513554 0.0 1.0 22
4.0 1.919790268475684 4.0 1.0 23
0.0 2.0 0.0 1.0 24
4.0 0.0 4.0 1.0 25
5.0 1.0 4.0 1.0 26
*** t=16
2.861691634136863 1.0 0.0 1.0 0
3.709864817757464 1.0 0.0 1.0 1
2.889986742109836 1.0 0.0 1.0 2
0.39110351457341275 1.0 4.0 1.0 3
3.723837842596254 1.0 0.0 1.0 4
0.0 0.7743106491343899 0.0 0.0 5
0.0 1.8006463550905143 0.0 2.0 6
4.0 0.6921216929037476 4.0 1.0 7
4.424202355110674 1.0 5.0 1.0 8
3.5816943997285833 1.0 0.0 1.0 9
0.0 0.848339014236416 0.0 1.0 10
4.0 1.016002315357703 4.0 1.0 11
4.0 0.9454808253555271 4.0 1.0 12
4.136039938175449 1.0 4.0 1.0 13
0.0 0.7772833253232176 0.0 1.0 14
0.0 1.0991277915131281 0.0 1.0 15
4.0 1.5485171226855199 4.0 1.0 16
0.0 0.5320211623825472 0.0 1.0 17
4.0 0.6698557043299345 4.0 1.0 18
4.0 1.6097972789814534 4.0 1.0 19
4.51650425052317 1.0 4.0 1.0 20
0.0 0.2594059543702711 0.0 1.0 21
4.0 1.839580536951368 4.0 1.0 22
0.0 1.8850005238025929 0.0 1.0 23
4.0 0.08912799612174316 4.0 1.0 24
4.856971967647584 1.0 4.0 1.0 25
0.0 0.0 0.0 1.0 26
4.0 2.0 4.0 1.0 27
*** t=17
2.708955322289496 1.0 0.0 1.0 0
3.6106236498926534 1.0 0.0 1.0 1
2.727678029964439 1.0 0.0 1.0 2
0.5070288074545305 1.0 4.0 1.0 3
3.617490996145942 1.0 0.0 1.0 4
0.0 0.6628843445102435 0.0 0.0 5
0.0 1.9807109905995657 0.0 2.0 6
4.0 0.7613338621941224 4.0 1.0 7
4.5666225906217415 1.0 5.0 1.0 8
3.4398638397014416 1.0 0.0 1.0 9
0.0 0.954381391015968 0.0 1.0 10
3.8930026047774158 1.0 0.0 1.0 11
4.0 1.080549514692031 4.0 2.0 12
4.012617072200513 1.0 4.0 1.0 13
0.0 0.9068305462104206 0.0 1.0 14
0.05101757656801731 1.0 4.0 1.0 15
4.0 1.4732699764664399 4.0 1.0 16
0.0 0.665026452978184 0.0 1.0 17
4.0 0.8373196304124181 4.0 1.0 18
4.0 1.5122465987268168 4.0 1.0 19
4.395630313153962 1.0 4.0 1.0 20
0.0 0.3891089315554066 0.0 1.0 21
4.0 1.759370805427052 4.0 1.0 22
0.0 1.7700010476051857 0.0 1.0 23
4.0 0.17825599224348632 4.0 1.0 24
4.713943935295168 1.0 4.0 1.0 25
0.0 0.0949125635651029 0.0 1.0 26
4.0 1.8680520938932685 4.0 1.0 27
*** t=18
2.556219010442129 1.0 0.0 1.0 0
3.5113824820278428 1.0 0.0 1.0 1
2.5653693178190418 1.0 0.0 1.0 2
0.6229541003356482 1.0 4.0 1.0 3
3.5111441496956295 1.0 0.0 1.0 4
0.0 0.5514580398860971 0.0 0.0 5
4.0 0.8305460314844971 4.0 1.0 6
4.709042826132809 1.0 5.0 1.0 7
3.2980332796743 1.0 0.0 1.0 8
0.0 1.06042376779552 0.0 2.0 9
3.7700028941971286 1.0 0.0 1.0 10
4.0 1.2156182040285348 4.0 2.0 11
3.8891942062255773 1.0 0.0 1.0 12
0.0 1.0363777670976235 0.0 2.0 13
0.20116294464916273 1.0 4.0 1.0 14
4.0 1.3980228302473598 4.0 1.0 15
0.0 0.7980317435738208 0.0 1.0 16
3.9952164435050985 1.0 0.0 1.0 17
4.0 1.4146959184721801 4.0 1.0 18
4.274756375784754 1.0 4.0 1.0 19
0.0 0.5188119087405422 0.0 1.0 20
4.0 1.679161073902736 4.0 1.0 21
0.0 1.6550015714077786 0.0 1.0 22
4.0 0.2673839883652295 4.0 1.0 23
4.570915902942752 1.0 4.0 1.0 24
0.0 0.1898251271302058 0.0 1.0 25
4.0 1.736104187786537 4.0 1.0 26
0.0 0.0 0.0 1.0 27
4.0 0.0 4.0 1.0 28
4.0 2.0 4.0 1.0 29
5.0 1.0 4.0 1.0 30
*** t=19
2.403482698594762 1.0 0.0 1.0 0
3.412141314163032 1.0 0.0 1.0 1
2.4030606056736445 1.0 0.0 1.0 2
0.738879393216766 1.0 4.0 1.0 3
3.404797303245317 1.0 0.0 1.0 4
0.0 0.4400317352619507 0.0 0.0 5
4.0 0.8997582007748719 4.0 1.0 6
4.851463061643876 1.0 5.0 1.0 7
3.1562027196471583 1.0 0.0 1.0 8
0.0 1.166466144575072 0.0 2.0 9
3.6470031836168415 1.0 0.0 1.0 10
4.0 1.3506868933650387 4.0 2.0 11
3.765771340250642 1.0 0.0 1.0 12
0.0 1.1659249879848264 0.0 2.0 13
0.35130831273030816 1.0 4.0 1.0 14
4.0 1.3227756840282798 4.0 1.0 15
0.0 0.9310370341694576 0.0 1.0 16
3.827752517422615 1.0 0.0 1.0 17
4.0 1.3171452382175435 4.0 1.0 18
4.153882438415547 1.0 4.0 1.0 19
0.0 0.6485148859256777 0.0 1.0 20
4.0 1.59895134237842 4.0 1.0 21
0.0 1.5400020952103715 0.0 1.0 22
4.0 0.35651198448697263 4.0 1.0 23
4.427887870590336 1.0 4.0 1.0 24
0.0 0.2847376906953087 0.0 1.0 25
4.0 1.6041562816798056 4.0 1.0 26
0.0 0.1267297404919117 0.0 1.0 27
4.0 0.15359572934360233 4.0 1.0 28
4.0 1.881355087742529 4.0 1.0 29
4.865234209470472 1.0 4.0 1.0 30
*** t=20
2.250746386747395 1.0 0.0 1.0 0
3.3129001462982215 1.0 0.0 1.0 1
2.2407518935282473 1.0 0.0 1.0 2
0.8548046860978837 1.0 4.0 1.0 3
3.298450456795005 1.0 0.0 1.0 4
0.0 0.32860543063780434 0.0 0.0 5
4.0 0.9689703700652467 4.0 1.0 6
4.993883297154943 1.0 5.0 1.0 7
3.0143721596200166 1.0 0.0 1.0 8
0.0 1.272508521354624 0.0 2.0 9
3.5240034730365544 1.0 0.0 1.0 10
4.0 1.4857555827015425 4.0 2.0 11
3.6423484742757064 1.0 0.0 1.0 12
0.0 1.2954722088720292 0.0 2.0 13
0.5014536808114536 1.0 4.0 1.0 14
4.0 1.2475285378091998 4.0 1.0 15
0.06404232476509439 1.0 4.0 1.0 16
3.660288591340131 1.0 0.0 1.0 17
4.0 1.2195945579629068 4.0 1.0 18
4.033008501046339 1.0 4.0 1.0 19
0.0 0.7782178631108133 0.0 1.0 20
4.0 1.518741610854104 4.0 1.0 21
0.0 1.4250026190129643 0.0 1.0 22
4.0 0.4456399806087158 4.0 1.0 23
4.28485983823792 1.0 4.0 1.0 24
0.0 0.3796502542604116 0.0 1.0 25
4.0 1.4722083755730742 4.0 1.0 26
0.0 0.2534594809838234 0.0 1.0 27
4.0 0.30719145868720465 4.0 1.0 28
4.0 1.7627101754850578 4.0 1.0 29
4.730468418940944 1.0 4.0 1.0 30
0.0 0.0 0.0 1.0 31
0.0 2.0 0.0 1.0 32
4.0 2.0 4.0 1.0 33
*** t=21
2.098010074900028 1.0 0.0 1.0 0
3.213658978433411 1.0 0.0 1.0 1
2.07844318138285 1.0 0.0 1.0 2
0.9707299789790015 1.0 4.0 1.0 3
3.1921036103446925 1.0 0.0 1.0 4
0.0 0.21717912601365794 0.0 0.0 5
3.9618174606443786 1.0 0.0 1.0 6
2.872541599592875 1.0 0.0 1.0 7
0.0 1.3785508981341759 0.0 2.0 8
3.4010037624562672 1.0 0.0 1.0 9
4.0 1.6208242720380464 4.0 2.0 10
3.518925608300771 1.0 0.0 1.0 11
0.0 1.425019429759232 0.0 2.0 12
0.651599048892599 1.0 4.0 1.0 13
4.0 1.1722813915901198 4.0 1.0 14
0.19704761536073118 1.0 4.0 1.0 15
3.4928246652576473 1.0 0.0 1.0 16
4.0 1.1220438777082702 4.0 1.0 17
3.9121345636771316 1.0 0.0 1.0 18
0.0 0.9079208402959489 0.0 1.0 19
4.0 1.438531879329788 4.0 1.0 20
0.0 1.3100031428155572 0.0 1.0 21
4.0 0.534767976730459 4.0 1.0 22
4.141831805885504 1.0 4.0 1.0 23
0.0 0.4745628178255145 0.0 1.0 24
4.0 1.3402604694663427 4.0 1.0 25
0.0 0.38018922147573514 0.0 1.0 26
4.0 0.460787188030807 4.0 1.0 27
4.0 1.6440652632275867 4.0 1.0 28
4.595702628411416 1.0 4.0 1.0 29
0.0 0.11401191603729195 0.0 1.0 30
0.0 1.9142936095445693 0.0 1.0 31
4.0 1.884332586950602 4.0 1.0 32
4.0 0.0 4.0 1.0 33
5.0 1.0 4.0 1.0 34
*** t=22
1.945273763052661 1.0 0.0 1.0 0
3.1144178105686002 1.0 0.0 1.0 1
1.9161344692374531 1.0 0.0 1.0 2
1.0866552718601192 1.0 4.0 1.0 3
3.08575676389438 1.0 0.0 1.0 4
0.0 0.10575282138951153 0.0 0.0 5
3.8926052913540037 1.0 0.0 1.0 6
2.7307110395657332 1.0 0.0 1.0 7
0.0 1.4845932749137278 0.0 2.0 8
3.27800405187598 1.0 0.0 1.0 9
4.0 1.7558929613745502 4.0 2.0 10
3.3955027423258355 1.0 0.0 1.0 11
0.0 1.5545666506464348 0.0 2.0 12
0.8017444169737444 1.0 4.0 1.0 13
4.0 1.0970342453710398 4.0 1.0 14
0.33005290595636794 1.0 4.0 1.0 15
3.3253607391751636 1.0 0.0 1.0 16
4.0 1.0244931974536335 4.0 1.0 17
3.791260626307924 1.0 0.0 1.0 18
0.037623817481084426 1.0 4.0 1.0 19
4.0 1.3583221478054721 4.0 1.0 20
0.0 1.19500366661815 0.0 1.0 21
4.0 0.6238959728522021 4.0 1.0 22
3.9988037735330875 1.0 0.0 1.0 23
0.0 0.5694753813906174 0.0 1.0 24
4.0 1.2083125633596112 4.0 1.0 25
0.0 0.5069189619676469 0.0 1.0 26
4.0 0.6143829173744093 4.0 1.0 27
4.0 1.5254203509701156 4.0 1.0 28
4.4609368378818886 1.0 4.0 1.0 29
0.0 0.2280238320745839 0.0 1.0 30
0.0 1.8285872190891386 0.0 1.0 31
4.0 1.768665173901204 4.0 1.0 32
4.0 0.11451004602602151 4.0 1.0 33
4.860824937024736 1.0 4.0 1.0 34
0.0 0.0 0.0 1.0 35
4.0 2.0 4.0 1.0 36
*** t=23
1.7925374512052943 1.0 0.0 1.0 0
3.0151766427037896 1.0 0.0 1.0 1
1.7538257570920561 1.0 0.0 1.0 2
1.2025805647412369 1.0 4.0 1.0 3
2.979409917444068 1.0 0.0 1.0 4
3.823393122063629 1.0 0.0 1.0 5
2.5888804795385916 1.0 0.0 1.0 6
0.0 1.5906356516932798 0.0 2.0 7
3.155004341295693 1.0 0.0 1.0 8
4.0 1.890961650711054 4.0 2.0 9
3.2720798763509 1.0 0.0 1.0 10
0.0 1.6841138715336377 0.0 2.0 11
0.9518897850548899 1.0 4.0 1.0 12
4.0 1.0217870991519598 4.0 1.0 13
0.46305819655200475 1.0 4.0 1.0 14
3.15789681309268 1.0 0.0 1.0 15
3.926942517198997 1.0 0.0 1.0 16
3.6703866889387164 1.0 0.0 1.0 17
0.16732679466621997 1.0 4.0 1.0 18
4.0 1.2781124162811561 4.0 1.0 19
0.0 1.080004190420743 0.0 1.0 20
4.0 0.7130239689739453 4.0 1.0 21
3.855775741180671 1.0 0.0 1.0 22
0.0 0.6643879449557203 0.0 1.0 23
4.0 1.0763646572528798 4.0 1.0 24
0.0 0.6336487024595585 0.0 1.0 25
4.0 0.7679786467180116 4.0 1.0 26
4.0 1.4067754387126445 4.0 1.0 27
4.326171047352361 1.0 4.0 1.0 28
0.0 0.34203574811187587 0.0 1.0 29
0.0 1.7428808286337079 0.0 1.0 30
4.0 1.652997760851806 4.0 1.0 31
4.0 0.22902009205204302 4.0 1.0 32
4.721649874049472 1.0 4.0 1.0 33
0.0 0.15282801565079407 0.0 1.0 34
4.0 1.8709617623851957 4.0 1.0 35
*** t=24
1.6398011393579275 1.0 0.0 1.0 0
2.915935474838979 1.0 0.0 1.0 1
1.5915170449466591 1.0 0.0 1.0 2
1.3185058576223545 1.0 4.0 1.0 3
2.8730630709937555 1.0 0.0 1.0 4
3.754180952773254 1.0 0.0 1.0 5
2.44704991951145 1.0 0.0 1.0 6
0.0 1.6966780284728318 0.0 2.0 7
3.032004630715406 1.0 0.0 1.0 8
3.1486570103759646 1.0 0.0 1.0 9
0.0 1.8136610924208405 0.0 2.0 10
1.1020351531360353 1.0 4.0 1.0 11
4.05346004706712 1.0 5.0 1.0 12
0.5960634871476416 1.0 4.0 1.0 13
2.990432887010196 1.0 0.0 1.0 14
3.8293918369443603 1.0 0.0 1.0 15
3.549512751569509 1.0 0.0 1.0 16
0.2970297718513555 1.0 4.0 1.0 17
4.0 1.1979026847568401 4.0 1.0 18
0.0 0.9650047142233358 0.0 0.0 19
4.0 0.8021519650956884 4.0 1.0 20
3.7127477088282546 1.0 0.0 1.0 21
0.0 0.7593005085208232 0.0 1.0 22
4.0 0.9444167511461483 4.0 0.0 23
0.0 0.7603784429514702 0.0 1.0 24
4.0 0.921574376061614 4.0 1.0 25
4.0 1.2881305264551735 4.0 1.0 26
4.191405256822833 1.0 4.0 1.0 27
0.0 0.4560476641491678 0.0 1.0 28
0.0 1.6571744381782771 0.0 1.0 29
4.0 1.537330347802408 4.0 1.0 30
4.0 0.34353013807806454 4.0 1.0 31
4.582474811074208 1.0 4.0 1.0 32
0.0 0.30565603130158814 0.0 1.0 33
4.0 1.7419235247703915 4.0 1.0 34
0.0 0.0 0.0 1.0 35
4.0 0.0 4.0 1.0 36
4.0 2.0 4.0 1.0 37
5.0 1.0 4.0 1.0 38
*** t=25
1.4870648275105607 1.0 0.0 1.0 0
2.8166943069741683 1.0 0.0 1.0 1
1.4292083328012621 1.0 0.0 1.0 2
1.4344311505034721 1.0 4.0 1.0 3
2.766716224543443 1.0 0.0 1.0 4
3.684968783482879 1.0 0.0 1.0 5
2.3052193594843082 1.0 0.0 1.0 6
0.0 1.8027204052523838 0.0 2.0 7
2.9090049201351187 1.0 0.0 1.0 8
3.025234144401029 1.0 0.0 1.0 9
0.0 1.9432083133080433 0.0 2.0 10
1.2521805212171806 1.0 4.0 1.0 11
4.1287071932862 1.0 5.0 1.0 12
0.7290687777432784 1.0 4.0 1.0 13
2.8229689609277124 1.0 0.0 1.0 14
3.7318411566897236 1.0 0.0 1.0 15
3.4286388142003013 1.0 0.0 1.0 16
0.42673274903649105 1.0 4.0 1.0 17
4.0 1.1176929532325242 4.0 1.0 18
0.0 0.8500052380259286 0.0 0.0 19
4.0 0.8912799612174316 4.0 1.0 20
3.569719676475838 1.0 0.0 1.0 21
0.0 0.8542130720859261 0.0 1.0 22
4.0 0.8124688450394169 4.0 0.0 23
0.0 0.8871081834433818 0.0 1.0 24
3.924829894594784 1.0 0.0 1.0 25
4.0 1.1694856141977024 4.0 1.0 26
4.056639466293305 1.0 4.0 1.0 27
0.0 0.5700595801864597 0.0 1.0 28
0.0 1.5714680477228464 0.0 1.0 29
4.0 1.42166293475301 4.0 1.0 30
4.0 0.45804018410408603 4.0 1.0 31
4.443299748098944 1.0 4.0 1.0 32
0.0 0.4584840469523822 0.0 1.0 33
4.0 1.6128852871555872 4.0 1.0 34
0.0 0.0973522206559538 0.0 1.0 35
4.0 0.11512840938141386 4.0 1.0 36
4.0 1.8707811960235523 4.0 1.0 37
4.858070014349254 1.0 4.0 1.0 38
0.0 2.0 0.0 1.0 39
*** t=26
1.3343285156631939 1.0 0.0 1.0 0
2.7174531391093577 1.0 0.0 1.0 1
1.2668996206558651 1.0 0.0 1.0 2
1.5503564433845898 1.0 4.0 1.0 3
2.660369378093131 1.0 0.0 1.0 4
3.615756614192504 1.0 0.0 1.0 5
2.1633887994571666 1.0 0.0 1.0 6
0.0 1.9087627820319357 0.0 2.0 7
2.7860052095548316 1.0 0.0 1.0 8
2.9018112784260937 1.0 0.0 1.0 9
1.402325889298326 1.0 4.0 1.0 10
4.203954339505279 1.0 5.0 1.0 11
0.8620740683389152 1.0 4.0 1.0 12
2.6555050348452287 1.0 0.0 1.0 13
3.634290476435087 1.0 0.0 1.0 14
3.3077648768310937 1.0 0.0 1.0 15
0.5564357262216266 1.0 4.0 1.0 16
4.0 1.0374832217082082 4.0 1.0 17
0.0 0.7350057618285215 0.0 0.0 18
4.0 0.9804079573391747 4.0 1.0 19
3.4266916441234216 1.0 0.0 1.0 20
0.0 0.949125635651029 0.0 1.0 21
4.0 0.6805209389326854 4.0 0.0 22
0.013837923935293539 1.0 4.0 1.0 23
3.7712341652511814 1.0 0.0 1.0 24
4.0 1.0508407019402313 4.0 1.0 25
4.0 0.9218736757637769 4.0 0.0 26
0.0 0.6840714962237517 0.0 1.0 27
0.0 1.4857616572674157 0.0 1.0 28
4.0 1.305995521703612 4.0 1.0 29
4.0 0.5725502301301075 4.0 1.0 30
4.30412468512368 1.0 4.0 1.0 31
0.0 0.6113120626031763 0.0 1.0 32
4.0 1.483847049540783 4.0 1.0 33
0.0 0.1947044413119076 0.0 1.0 34
4.0 0.23025681876282772 4.0 1.0 35
4.0 1.7415623920471046 4.0 1.0 36
4.716140028698508 1.0 4.0 1.0 37
0.0 1.83089342434846 0.0 1.0 38
0.0 0.0 0.0 1.0 39
4.0 2.0 4.0 1.0 40
*** t=27
1.181592203815827 1.0 0.0 1.0 0
2.618211971244547 1.0 0.0 1.0 1
1.1045909085104682 1.0 0.0 1.0 2
1.6662817362657074 1.0 4.0 1.0 3
2.5540225316428184 1.0 0.0 1.0 4
3.5465444449021293 1.0 0.0 1.0 5
2.021558239430025 1.0 0.0 1.0 6
2.6630054989745444 1.0 0.0 1.0 7
2.778388412451158 1.0 0.0 1.0 8
1.5524712573794712 1.0 4.0 1.0 9
4.279201485724359 1.0 5.0 1.0 10
0.995079358934552 1.0 4.0 1.0 11
2.488041108762745 1.0 0.0 1.0 12
3.5367397961804503 1.0 0.0 1.0 13
3.186890939461886 1.0 0.0 1.0 14
0.6861387034067622 1.0 4.0 1.0 15
3.9572734901838924 1.0 0.0 1.0 16
0.0 0.6200062856311144 0.0 0.0 17
3.930464046539082 1.0 0.0 1.0 18
3.283663611771005 1.0 0.0 1.0 19
0.0 1.0440381992161318 0.0 2.0 20
4.0 0.5485730328259539 4.0 0.0 21
0.14056766442720525 1.0 4.0 1.0 22
3.617638435907579 1.0 0.0 1.0 23
3.93219578968276 1.0 0.0 1.0 24
4.0 0.7871078852342488 4.0 0.0 25
0.0 0.7980834122610437 0.0 1.0 26
0.0 1.400055266811985 0.0 1.0 27
4.0 1.1903281086542141 4.0 1.0 28
4.0 0.6870602761561291 4.0 1.0 29
4.164949622148416 1.0 4.0 1.0 30
0.0 0.7641400782539703 0.0 1.0 31
4.0 1.3548088119259787 4.0 1.0 32
0.0 0.2920566619678614 0.0 1.0 33
4.0 0.34538522814424155 4.0 1.0 34
4.0 1.612343588070657 4.0 1.0 35
4.574210043047762 1.0 4.0 1.0 36
0.0 1.66178684869692 0.0 1.0 37
0.0 0.16979771659451715 0.0 1.0 38
4.0 1.8863863700832373 4.0 1.0 39
4.0 0.0 4.0 1.0 40
5.0 1.0 4.0 1.0 41
*** t=28
1.0288558919684603 1.0 0.0 1.0 0
2.5189708033797364 1.0 0.0 1.0 1
0.9422821963650712 1.0 0.0 1.0 2
1.782207029146825 1.0 4.0 1.0 3
2.447675685192506 1.0 0.0 1.0 4
3.4773322756117544 1.0 0.0 1.0 5
1.8797276794028832 1.0 0.0 1.0 6
2.5400057883942573 1.0 0.0 1.0 7
2.6549655464762227 1.0 0.0 1.0 8
1.7026166254606165 1.0 4.0 1.0 9
4.354448631943439 1.0 5.0 1.0 10
1.1280846495301888 1.0 4.0 1.0 11
2.3205771826802613 1.0 0.0 1.0 12
3.4391891159258137 1.0 0.0 1.0 13
3.0660170020926785 1.0 0.0 1.0 14
0.8158416805918978 1.0 4.0 1.0 15
3.8770637586595766 1.0 0.0 1.0 16
0.0 0.5050068094337072 0.0 0.0 17
3.841336050417339 1.0 0.0 1.0 18
3.1406355794185887 1.0 0.0 1.0 19
0.0 1.1389507627812347 0.0 2.0 20
4.0 0.4166251267192225 4.0 0.0 21
0.26729740491911697 1.0 4.0 1.0 22
3.4640427065639763 1.0 0.0 1.0 23
3.813550877425289 1.0 0.0 1.0 24
4.0 0.6523420947047207 4.0 0.0 25
0.0 0.9120953282983357 0.0 1.0 26
0.0 1.3143488763565543 0.0 1.0 27
4.0 1.0746606956048161 4.0 1.0 28
4.0 0.8015703221821506 4.0 1.0 29
4.025774559173152 1.0 4.0 1.0 30
0.0 0.9169680939047644 0.0 1.0 31
4.0 1.2257705743111744 4.0 1.0 32
0.0 0.3894088826238152 0.0 1.0 33
4.0 0.46051363752565544 4.0 1.0 34
4.0 1.4831247840942092 4.0 1.0 35
4.432280057397016 1.0 4.0 1.0 36
0.0 1.49268027304538 0.0 1.0 37
0.0 0.3395954331890343 0.0 1.0 38
4.0 1.7727727401664746 4.0 1.0 39
4.0 0.12374801398167073 4.0 1.0 40
4.868510651880656 1.0 4.0 1.0 41
0.0 0.0 0.0 1.0 42
4.0 2.0 4.0 1.0 43
*** t=29
0.8761195801210935 1.0 0.0 1.0 0
2.419729635514926 1.0 0.0 1.0 1
0.7799734842196742 1.0 0.0 1.0 2
1.8981323220279427 1.0 4.0 1.0 3
2.3413288387421938 1.0 0.0 1.0 4
3.4081201063213795 1.0 0.0 1.0 5
1.7378971193757415 1.0 0.0 1.0 6
2.41700607781397 1.0 0.0 1.0 7
2.5315426805012873 1.0 0.0 1.0 8
1.8527619935417619 1.0 4.0 1.0 9
4.429695778162518 1.0 5.0 1.0 10
1.2610899401258255 1.0 4.0 1.0 11
2.1531132565977775 1.0 0.0 1.0 12
3.341638435671177 1.0 0.0 1.0 13
2.945143064723471 1.0 0.0 1.0 14
0.9455446577770333 1.0 4.0 1.0 15
3.796854027135261 1.0 0.0 1.0 16
0.0 0.39000733323630016 0.0 0.0 17
3.7522080542955956 1.0 0.0 1.0 18
2.9976075470661723 1.0 0.0 1.0 19
0.0 1.2338633263463377 0.0 2.0 20
4.0 0.2846772206124911 4.0 0.0 21
0.3940271454110287 1.0 4.0 1.0 22
3.3104469772203737 1.0 0.0 1.0 23
3.694905965167818 1.0 0.0 1.0 24
4.0 0.5175763041751926 4.0 0.0 25
0.02610724433562768 1.0 4.0 1.0 26
0.0 1.2286424859011236 0.0 1.0 27
4.0 0.9589932825554182 4.0 0.0 28
4.0 0.9160803682081722 4.0 1.0 29
3.886599496197888 1.0 0.0 1.0 30
0.06979610955555848 1.0 4.0 1.0 31
4.0 1.0967323366963702 4.0 1.0 32
0.0 0.48676110327976896 0.0 1.0 33
4.0 0.5756420469070693 4.0 1.0 34
4.0 1.3539059801177615 4.0 1.0 35
4.2903500717462695 1.0 4.0 1.0 36
0.0 1.3235736973938401 0.0 1.0 37
0.0 0.5093931497835514 0.0 1.0 38
4.0 1.6591591102497119 4.0 1.0 39
4.0 0.24749602796334147 4.0 1.0 40
4.737021303761312 1.0 4.0 1.0 41
0.0 0.13207632630105748 0.0 1.0 42
4.0 1.901651404364703 4.0 1.0 43
*** t=30
0.7233832682737267 1.0 0.0 1.0 0
2.320488467650115 1.0 0.0 1.0 1
0.6176647720742772 1.0 0.0 1.0 2
2.0140576149090603 1.0 4.0 1.0 3
2.2349819922918814 1.0 0.0 1.0 4
3.3389079370310046 1.0 0.0 1.0 5
1.5960665593485999 1.0 0.0 1.0 6
2.294006367233683 1.0 0.0 1.0 7
2.408119814526352 1.0 0.0 1.0 8
2.002907361622907 1.0 4.0 1.0 9
4.504942924381598 1.0 5.0 1.0 10
1.3940952307214622 1.0 4.0 1.0 11
1.9856493305152938 1.0 0.0 1.0 12
3.2440877554165404 1.0 0.0 1.0 13
2.8242691273542633 1.0 0.0 1.0 14
1.075247634962169 1.0 4.0 1.0 15
3.716644295610945 1.0 0.0 1.0 16
0.0 0.2750078570388931 0.0 0.0 17
3.6630800581738523 1.0 0.0 1.0 18
2.854579514713756 1.0 0.0 1.0 19
0.0 1.3287758899114406 0.0 2.0 20
4.0 0.15272931450575972 4.0 0.0 21
0.5207568859029403 1.0 4.0 1.0 22
3.156851247876771 1.0 0.0 1.0 23
3.576261052910347 1.0 0.0 1.0 24
4.0 0.3828105136456646 4.0 0.0 25
0.14011916037291963 1.0 4.0 1.0 26
0.0 1.1429360954456929 0.0 1.0 27
4.0 0.8433258695060202 4.0 0.0 28
3.9694095857658063 1.0 0.0 1.0 29
3.7474244332226236 1.0 0.0 1.0 30
0.22262412520635255 1.0 4.0 1.0 31
3.967694099081566 1.0 0.0 1.0 32
0.0 0.5841133239357228 0.0 1.0 33
4.0 0.6907704562884832 4.0 1.0 34
4.0 1.2246871761413138 4.0 1.0 35
4.148420086095523 1.0 4.0 1.0 36
0.0 1.1544671217423002 0.0 1.0 37
0.0 0.6791908663780686 0.0 1.0 38
4.0 1.5455454803329491 4.0 1.0 39
4.0 0.3712440419450122 4.0 1.0 40
4.605531955641967 1.0 4.0 1.0 41
0.0 0.26415265260211496 0.0 1.0 42
4.0 1.803302808729406 4.0 1.0 43
0.0 0.0 0.0 1.0 44
0.0 2.0 0.0 1.0 45
4.0 0.0 4.0 1.0 46
4.0 2.0 4.0 1.0 47
5.0 1.0 4.0 1.0 48
*** t=31
0.5706469564263599 1.0 0.0 1.0 0
2.2212472997853046 1.0 0.0 1.0 1
0.4553560599288802 1.0 0.0 1.0 2
2.129982907790178 1.0 4.0 1.0 3
2.128635145841569 1.0 0.0 1.0 4
3.2696957677406298 1.0 0.0 1.0 5
1.4542359993214582 1.0 0.0 1.0 6
2.171006656653396 1.0 0.0 1.0 7
2.2846969485514164 1.0 0.0 1.0 8
2.1530527297040525 1.0 4.0 1.0 9
4.580190070600677 1.0 5.0 1.0 10
1.527100521317099 1.0 4.0 1.0 11
1.81818540443281 1.0 0.0 1.0 12
3.1465370751619037 1.0 0.0 1.0 13
2.7033951899850557 1.0 0.0 1.0 14
1.2049506121473044 1.0 4.0 1.0 15
3.6364345640866294 1.0 0.0 1.0 16
0.0 0.160008380841486 0.0 0.0 17
3.573952062052109 1.0 0.0 1.0 18
2.7115514823613394 1.0 0.0 1.0 19
0.0 1.4236884534765435 0.0 2.0 20
4.0 0.02078140839902831 4.0 0.0 21
0.647486626394852 1.0 4.0 1.0 22
3.0032555185331686 1.0 0.0 1.0 23
3.457616140652876 1.0 0.0 1.0 24
4.0 0.24804472311613657 4.0 0.0 25
0.2541310764102116 1.0 4.0 1.0 26
0.0 1.0572297049902621 0.0 1.0 27
4.0 0.7276584564566222 4.0 0.0 28
3.854899539739785 1.0 0.0 1.0 29
3.6082493702473593 1.0 0.0 1.0 30
0.3754521408571466 1.0 4.0 1.0 31
3.8386558614667616 1.0 0.0 1.0 32
0.0 0.6814655445916766 0.0 1.0 33
4.0 0.8058988656698971 4.0 1.0 34
4.0 1.0954683721648661 4.0 1.0 35
4.006490100444777 1.0 4.0 1.0 36
0.014639453909239736 1.0 4.0 1.0 37
0.0 0.8489885829725857 0.0 1.0 38
4.0 1.4319318504161864 4.0 1.0 39
4.0 0.49499205592668294 4.0 1.0 40
4.474042607522623 1.0 4.0 1.0 41
0.0 0.39622897890317244 0.0 1.0 42
4.0 1.704954213094109 4.0 1.0 43
0.0 0.1632421199117723 0.0 1.0 44
0.0 1.8279420234018202 0.0 1.0 45
4.0 0.10741135146051263 4.0 1.0 46
4.0 1.8555429216650732 4.0 1.0 47
4.867128465198843 1.0 4.0 1.0 48
*** t=32
0.417910644578993 1.0 0.0 1.0 0
2.122006131920494 1.0 0.0 1.0 1
0.2930473477834832 1.0 0.0 1.0 2
2.245908200671296 1.0 4.0 1.0 3
2.0222882993912568 1.0 0.0 1.0 4
3.200483598450255 1.0 0.0 1.0 5
1.3124054392943165 1.0 0.0 1.0 6
2.0480069460731087 1.0 0.0 1.0 7
2.161274082576481 1.0 0.0 1.0 8
2.303198097785198 1.0 4.0 1.0 9
4.655437216819757 1.0 5.0 1.0 10
1.6601058119127357 1.0 4.0 1.0 11
1.6507214783503263 1.0 0.0 1.0 12
3.048986394907267 1.0 0.0 1.0 13
2.582521252615848 1.0 0.0 1.0 14
1.3346535893324398 1.0 4.0 1.0 15
3.5562248325623136 1.0 0.0 1.0 16
0.0 0.04500890464407892 0.0 0.0 17
3.4848240659303658 1.0 0.0 1.0 18
2.568523450008923 1.0 0.0 1.0 19
0.0 1.5186010170416464 0.0 2.0 20
0.7742163668867637 1.0 4.0 1.0 21
2.849659789189566 1.0 0.0 1.0 22
3.3389712283954047 1.0 0.0 1.0 23
4.0 0.11327893258660854 4.0 0.0 24
0.36814299244750354 1.0 4.0 1.0 25
0.0 0.9715233145348313 0.0 0.0 26
4.0 0.6119910434072242 4.0 0.0 27
3.7403894937137636 1.0 0.0 1.0 28
3.469074307272095 1.0 0.0 1.0 29
0.5282801565079407 1.0 4.0 1.0 30
3.7096176238519574 1.0 0.0 1.0 31
0.0 0.7788177652476305 0.0 1.0 32
4.0 0.921027275051311 4.0 1.0 33
3.9662495681884185 1.0 0.0 1.0 34
3.864560114794031 1.0 0.0 1.0 35
0.18374602956077962 1.0 4.0 1.0 36
0.01878629956710287 1.0 4.0 1.0 37
4.0 1.3183182204994237 4.0 1.0 38
4.0 0.6187400699083536 4.0 1.0 39
4.342553259403279 1.0 4.0 1.0 40
0.0 0.5283053052042299 0.0 1.0 41
4.0 1.6066056174588121 4.0 1.0 42
0.0 0.3264842398235446 0.0 1.0 43
0.0 1.6558840468036404 0.0 1.0 44
4.0 0.21482270292102526 4.0 1.0 45
4.0 1.7110858433301463 4.0 1.0 46
4.734256930397686 1.0 4.0 1.0 47
0.0 0.0 0.0 1.0 48
4.0 2.0 4.0 1.0 49
*** t=33
0.26517433273162616 1.0 0.0 1.0 0
2.0227649640556833 1.0 0.0 1.0 1
0.1307386356380862 1.0 0.0 1.0 2
2.361833493552414 1.0 4.0 1.0 3
1.9159414529409446 1.0 0.0 1.0 4
3.13127142915988 1.0 0.0 1.0 5
1.1705748792671749 1.0 0.0 1.0 6
1.9250072354928216 1.0 0.0 1.0 7
2.0378512166015454 1.0 0.0 1.0 8
2.453343465866343 1.0 4.0 1.0 9
4.730684363038836 1.0 5.0 1.0 10
1.7931111025083724 1.0 4.0 1.0 11
1.4832575522678426 1.0 0.0 1.0 12
2.9514357146526304 1.0 0.0 1.0 13
2.4616473152466405 1.0 0.0 1.0 14
1.4643565665175753 1.0 4.0 1.0 15
3.476015101037998 1.0 0.0 1.0 16
3.3956960698086225 1.0 0.0 1.0 17
2.4254954176565064 1.0 0.0 1.0 18
0.0 1.6135135806067493 0.0 2.0 19
0.9009461073786753 1.0 4.0 1.0 20
2.6960640598459635 1.0 0.0 1.0 21
3.2203263161379336 1.0 0.0 1.0 22
0.4821549084847955 1.0 4.0 1.0 23
0.0 0.8858169240794005 0.0 0.0 24
4.0 0.4963236303578263 4.0 0.0 25
3.6258794476877423 1.0 0.0 1.0 26
3.3298992442968305 1.0 0.0 1.0 27
0.6811081721587348 1.0 4.0 1.0 28
3.580579386237153 1.0 0.0 1.0 29
0.0 0.8761699859035843 0.0 1.0 30
3.9638443155672753 1.0 0.0 1.0 31
3.837030764211971 1.0 0.0 1.0 32
3.722630129143285 1.0 0.0 1.0 33
0.35285260521231954 1.0 4.0 1.0 34
0.18858401616162002 1.0 4.0 1.0 35
4.0 1.204704590582661 4.0 1.0 36
4.0 0.7424880838900243 4.0 1.0 37
4.211063911283935 1.0 4.0 1.0 38
0.0 0.6603816315052874 0.0 1.0 39
4.0 1.5082570218235152 4.0 1.0 40
0.0 0.48972635973531686 0.0 1.0 41
0.0 1.4838260702054606 0.0 1.0 42
4.0 0.3222340543815379 4.0 1.0 43
4.0 1.5666287649952195 4.0 1.0 44
4.601385395596529 1.0 4.0 1.0 45
0.0 0.16157094659252957 0.0 1.0 46
4.0 1.8880934831610543 4.0 1.0 47
4.0 0.0 4.0 1.0 48
5.0 1.0 4.0 1.0 49
*** t=34
0.1124380208842593 1.0 0.0 1.0 0
1.9235237961908729 1.0 0.0 1.0 1
0.0 1.0315700765073108 0.0 2.0 2
2.4777587864335318 1.0 4.0 1.0 3
1.8095946064906325 1.0 0.0 1.0 4
3.062059259869505 1.0 0.0 1.0 5
1.0287443192400332 1.0 0.0 1.0 6
1.8020075249125345 1.0 0.0 1.0 7
1.91442835062661 1.0 0.0 1.0 8
2.6034888339474884 1.0 4.0 1.0 9
4.805931509257916 1.0 5.0 1.0 10
1.926116393104009 1.0 4.0 1.0 11
1.3157936261853589 1.0 0.0 1.0 12
2.853885034397994 1.0 0.0 1.0 13
2.340773377877433 1.0 0.0 1.0 14
1.5940595437027107 1.0 4.0 1.0 15
3.395805369513682 1.0 0.0 1.0 16
3.306568073686879 1.0 0.0 1.0 17
2.28246738530409 1.0 0.0 1.0 18
0.0 1.7084261441718522 0.0 2.0 19
1.027675847870587 1.0 4.0 1.0 20
2.542468330502361 1.0 0.0 1.0 21
3.1016814038804625 1.0 0.0 1.0 22
0.5961668245220875 1.0 4.0 1.0 23
0.0 0.8001105336239697 0.0 0.0 24
4.0 0.38065621730842836 4.0 0.0 25
3.511369401661721 1.0 0.0 1.0 26
3.190724181321566 1.0 0.0 1.0 27
0.8339361878095288 1.0 4.0 1.0 28
3.451541148622349 1.0 0.0 1.0 29
0.0 0.9735222065595381 0.0 1.0 30
3.8487159061858613 1.0 0.0 1.0 31
3.7078119602355235 1.0 0.0 1.0 32
3.580700143492539 1.0 0.0 1.0 33
0.5219591808638594 1.0 4.0 1.0 34
0.35838173275613716 1.0 4.0 1.0 35
4.0 1.0910909606658983 4.0 1.0 36
4.0 0.866236097871695 4.0 1.0 37
4.0795745631645906 1.0 4.0 1.0 38
0.0 0.7924579578063449 0.0 1.0 39
4.0 1.4099084261882182 4.0 1.0 40
0.0 0.6529684796470892 0.0 1.0 41
0.0 1.3117680936072809 0.0 1.0 42
4.0 0.4296454058420505 4.0 1.0 43
4.0 1.4221716866602927 4.0 1.0 44
4.4685138607953725 1.0 4.0 1.0 45
0.0 0.32314189318505915 0.0 1.0 46
4.0 1.7761869663221086 4.0 1.0 47
4.0 0.14164939000130214 4.0 1.0 48
4.8967894027281 1.0 4.0 1.0 49
0.0 0.0 0.0 1.0 50
4.0 2.0 4.0 1.0 51
*** t=35
0.0 1.0402982909631076 0.0 2.0 0
1.8242826283260625 1.0 0.0 1.0 1
0.0 1.1938787886527078 0.0 2.0 2
2.5936840793146496 1.0 4.0 1.0 3
1.7032477600403204 1.0 0.0 1.0 4
2.9928470905791302 1.0 0.0 1.0 5
0.8869137592128914 1.0 0.0 1.0 6
1.6790078143322473 1.0 0.0 1.0 7
1.7910054846516745 1.0 0.0 1.0 8
2.7536342020286337 1.0 4.0 1.0 9
4.881178655476996 1.0 5.0 1.0 10
2.059121683699646 1.0 4.0 1.0 11
1.1483297001028752 1.0 0.0 1.0 12
2.756334354143357 1.0 0.0 1.0 13
2.2198994405082253 1.0 0.0 1.0 14
1.7237625208878462 1.0 4.0 1.0 15
3.3155956379893663 1.0 0.0 1.0 16
3.217440077565136 1.0 0.0 1.0 17
2.1394393529516735 1.0 0.0 1.0 18
0.0 1.8033387077369551 0.0 2.0 19
1.1544055883624986 1.0 4.0 1.0 20
2.3888726011587584 1.0 0.0 1.0 21
2.9830364916229914 1.0 0.0 1.0 22
0.7101787405593795 1.0 4.0 1.0 23
0.0 0.7144041431685388 0.0 0.0 24
4.0 0.26498880425903043 4.0 0.0 25
3.3968593556356996 1.0 0.0 1.0 26
3.0515491183463017 1.0 0.0 1.0 27
0.9867642034603229 1.0 4.0 1.0 28
3.3225029110075446 1.0 0.0 1.0 29
0.07087442721549193 1.0 4.0 1.0 30
3.7335874968044473 1.0 0.0 1.0 31
3.578593156259076 1.0 0.0 1.0 32
3.438770157841793 1.0 0.0 1.0 33
0.6910657565153993 1.0 4.0 1.0 34
0.5281794493506543 1.0 4.0 1.0 35
3.9774773307491356 1.0 0.0 1.0 36
4.0 0.9899841118533657 4.0 1.0 37
3.948085215045247 1.0 0.0 1.0 38
0.0 0.9245342841074023 0.0 1.0 39
4.0 1.3115598305529212 4.0 1.0 40
0.0 0.8162105995588614 0.0 1.0 41
0.0 1.139710117009101 0.0 1.0 42
4.0 0.5370567573025632 4.0 1.0 43
4.0 1.2777146083253659 4.0 1.0 44
4.335642325994216 1.0 4.0 1.0 45
0.0 0.4847128397775887 0.0 1.0 46
4.0 1.664280449483163 4.0 1.0 47
4.0 0.2832987800026043 4.0 1.0 48
4.7935788054562 1.0 4.0 1.0 49
0.0 0.09834659509427944 0.0 1.0 50
4.0 1.8592510375835984 4.0 1.0 51
0.0 2.0 0.0 1.0 52
*** t=36
0.0 1.1930346028104744 0.0 2.0 0
1.725041460461252 1.0 0.0 1.0 1
0.0 1.3561875007981048 0.0 2.0 2
2.7096093721957675 1.0 4.0 1.0 3
1.5969009135900083 1.0 0.0 1.0 4
2.9236349212887554 1.0 0.0 1.0 5
0.7450831991857496 1.0 0.0 1.0 6
1.5560081037519602 1.0 0.0 1.0 7
1.667582618676739 1.0 0.0 1.0 8
2.903779570109779 1.0 4.0 1.0 9
4.956425801696075 1.0 5.0 1.0 10
2.1921269742952827 1.0 4.0 1.0 11
0.9808657740203915 1.0 0.0 1.0 12
2.6587836738887205 1.0 0.0 1.0 13
2.0990255031390177 1.0 0.0 1.0 14
1.8534654980729817 1.0 4.0 1.0 15
3.2353859064650505 1.0 0.0 1.0 16
3.1283120814433927 1.0 0.0 1.0 17
1.996411320599257 1.0 0.0 1.0 18
0.0 1.898251271302058 0.0 2.0 19
1.2811353288544103 1.0 4.0 1.0 20
2.235276871815156 1.0 0.0 1.0 21
2.8643915793655204 1.0 0.0 1.0 22
0.8241906565966715 1.0 4.0 1.0 23
0.0 0.628697752713108 0.0 0.0 24
4.0 0.1493213912096325 4.0 0.0 25
3.2823493096096783 1.0 0.0 1.0 26
2.9123740553710373 1.0 0.0 1.0 27
1.139592219111117 1.0 4.0 1.0 28
3.1934646733927403 1.0 0.0 1.0 29
0.16822664787144573 1.0 4.0 1.0 30
3.6184590874230333 1.0 0.0 1.0 31
3.4493743522826286 1.0 0.0 1.0 32
3.2968401721910467 1.0 0.0 1.0 33
0.8601723321669391 1.0 4.0 1.0 34
0.6979771659451715 1.0 4.0 1.0 35
3.863863700832373 1.0 0.0 1.0 36
3.8862678741649637 1.0 0.0 1.0 37
3.816595866925903 1.0 0.0 1.0 38
0.05661061040845983 1.0 4.0 1.0 39
4.0 1.2132112349176243 4.0 1.0 40
0.0 0.9794527194706337 0.0 1.0 41
0.032347859589078626 1.0 4.0 1.0 42
4.0 0.6444681087630758 4.0 1.0 43
4.0 1.133257529990439 4.0 1.0 44
4.202770791193059 1.0 4.0 1.0 45
0.0 0.6462837863701183 0.0 1.0 46
4.0 1.5523739326442172 4.0 1.0 47
4.0 0.4249481700039064 4.0 1.0 48
4.6903682081842994 1.0 4.0 1.0 49
0.0 0.19669319018855888 0.0 1.0 50
4.0 1.7185020751671969 4.0 1.0 51
0.0 1.900710291150887 0.0 1.0 52
0.0 0.0 0.0 1.0 53
4.0 0.0 4.0 1.0 54
4.0 2.0 4.0 1.0 55
5.0 1.0 4.0 1.0 56
*** t=37
0.0 1.3457709146578412 0.0 2.0 0
1.6258002925964417 1.0 0.0 1.0 1
0.0 1.5184962129435018 0.0 2.0 2
2.8255346650768853 1.0 4.0 1.0 3
1.4905540671396962 1.0 0.0 1.0 4
2.8544227519983805 1.0 0.0 1.0 5
0.6032526391586078 1.0 0.0 1.0 6
1.433008393171673 1.0 0.0 1.0 7
1.5441597527018036 1.0 0.0 1.0 8
3.0539249381909244 1.0 4.0 1.0 9
2.3251322648909194 1.0 4.0 1.0 10
0.8134018479379079 1.0 0.0 1.0 11
2.561232993634084 1.0 0.0 1.0 12
1.9781515657698099 1.0 0.0 1.0 13
1.9831684752581171 1.0 4.0 1.0 14
3.1551761749407348 1.0 0.0 1.0 15
3.0391840853216494 1.0 0.0 1.0 16
1.8533832882468406 1.0 0.0 1.0 17
0.0 1.993163834867161 0.0 2.0 18
1.407865069346322 1.0 4.0 1.0 19
2.0816811424715533 1.0 0.0 1.0 20
2.7457466671080493 1.0 0.0 1.0 21
0.9382025726339634 1.0 4.0 1.0 22
0.0 0.5429913622576772 0.0 0.0 23
4.0 0.03365397816023456 4.0 0.0 24
3.167839263583657 1.0 0.0 1.0 25
2.773198992395773 1.0 0.0 1.0 26
1.2924202347619111 1.0 4.0 1.0 27
3.064426435777936 1.0 0.0 1.0 28
0.26557886852739954 1.0 4.0 1.0 29
3.5033306780416194 1.0 0.0 1.0 30
3.320155548306181 1.0 0.0 1.0 31
3.1549101865403006 1.0 0.0 1.0 32
1.029278907818479 1.0 4.0 1.0 33
0.8677748825396886 1.0 4.0 1.0 34
3.75025007091561 1.0 0.0 1.0 35
3.7625198601832928 1.0 0.0 1.0 36
3.6851065188065593 1.0 0.0 1.0 37
0.1886869367095173 1.0 4.0 1.0 38
4.0 1.1148626392823273 4.0 1.0 39
0.142694839382406 1.0 4.0 1.0 40
0.20440583618725833 1.0 4.0 1.0 41
4.0 0.7518794602235884 4.0 1.0 42
3.988800451655512 1.0 0.0 1.0 43
4.069899256391902 1.0 4.0 1.0 44
0.0 0.8078547329626479 0.0 1.0 45
4.0 1.4404674158052715 4.0 1.0 46
4.0 0.5665975600052086 4.0 1.0 47
4.587157610912399 1.0 4.0 1.0 48
0.0 0.2950397852828383 0.0 1.0 49
4.0 1.5777531127507953 4.0 1.0 50
0.0 1.8014205823017742 0.0 1.0 51
0.0 0.11073220532817593 0.0 1.0 52
4.0 0.13640881079585948 4.0 1.0 53
4.0 1.9157296155225845 4.0 1.0 54
4.869786669611858 1.0 4.0 1.0 55
*** t=38
0.0 1.498507226505208 0.0 2.0 0
1.5265591247316312 1.0 0.0 1.0 1
0.0 1.6808049250888988 0.0 2.0 2
2.941459957958003 1.0 4.0 1.0 3
1.384207220689384 1.0 0.0 1.0 4
2.7852105827080056 1.0 0.0 1.0 5
0.46142207913146605 1.0 0.0 1.0 6
1.310008682591386 1.0 0.0 1.0 7
1.4207368867268682 1.0 0.0 1.0 8
3.2040703062720697 1.0 4.0 1.0 9
2.458137555486556 1.0 4.0 1.0 10
0.6459379218554243 1.0 0.0 1.0 11
2.463682313379447 1.0 0.0 1.0 12
1.857277628400602 1.0 0.0 1.0 13
2.112871452443253 1.0 4.0 1.0 14
3.074966443416419 1.0 0.0 1.0 15
2.950056089199906 1.0 0.0 1.0 16
1.7103552558944242 1.0 0.0 1.0 17
1.5345948098382336 1.0 4.0 1.0 18
1.928085413127951 1.0 0.0 1.0 19
2.627101754850578 1.0 0.0 1.0 20
1.0522144886712554 1.0 4.0 1.0 21
0.0 0.4572849718022464 0.0 0.0 22
3.0533292175576356 1.0 0.0 1.0 23
2.6340239294205086 1.0 0.0 1.0 24
1.445248250412705 1.0 4.0 1.0 25
2.935388198163132 1.0 0.0 1.0 26
0.3629310891833533 1.0 4.0 1.0 27
3.3882022686602054 1.0 0.0 1.0 28
3.1909367443297336 1.0 0.0 1.0 29
3.0129802008895545 1.0 0.0 1.0 30
1.198385483470019 1.0 4.0 1.0 31
1.0375725991342057 1.0 4.0 1.0 32
3.6366364409988474 1.0 0.0 1.0 33
3.638771846201622 1.0 0.0 1.0 34
3.5536171706872155 1.0 0.0 1.0 35
0.3207632630105748 1.0 4.0 1.0 36
4.0 1.0165140436470304 4.0 1.0 37
0.3059369592941783 1.0 4.0 1.0 38
0.37646381278543806 1.0 4.0 1.0 39
4.0 0.859290811684101 4.0 1.0 40
3.844343373320585 1.0 0.0 1.0 41
4.0 1.0629722784092546 4.0 2.0 42
0.0 0.9694256795551774 0.0 1.0 43
4.0 1.3285608989663258 4.0 1.0 44
4.0 0.7082469500065107 4.0 1.0 45
4.483947013640499 1.0 4.0 1.0 46
0.0 0.39338638037711776 0.0 1.0 47
4.0 1.4370041503343938 4.0 1.0 48
0.0 1.7021308734526612 0.0 1.0 49
0.0 0.22146441065635186 0.0 1.0 50
4.0 0.27281762159171896 4.0 1.0 51
4.0 1.831459231045169 4.0 1.0 52
4.739573339223716 1.0 4.0 1.0 53
0.0 0.0 0.0 1.0 54
4.0 2.0 4.0 1.0 55
*** t=39
0.0 1.6512435383525748 0.0 2.0 0
1.4273179568668208 1.0 0.0 1.0 1
0.0 1.8431136372342958 0.0 2.0 2
3.057385250839121 1.0 4.0 1.0 3
1.277860374239072 1.0 0.0 1.0 4
2.7159984134176307 1.0 0.0 1.0 5
0.31959151910432426 1.0 0.0 1.0 6
1.1870089720110988 1.0 0.0 1.0 7
1.2973140207519327 1.0 0.0 1.0 8
3.354215674353215 1.0 4.0 1.0 9
2.591142846082193 1.0 4.0 1.0 10
0.4784739957729407 1.0 0.0 1.0 11
2.3661316331248106 1.0 0.0 1.0 12
1.7364036910313942 1.0 0.0 1.0 13
2.2425744296283883 1.0 4.0 1.0 14
2.9947567118921032 1.0 0.0 1.0 15
2.860928093078163 1.0 0.0 1.0 16
1.5673272235420077 1.0 0.0 1.0 17
1.6613245503301453 1.0 4.0 1.0 18
1.7744896837843487 1.0 0.0 1.0 19
2.508456842593107 1.0 0.0 1.0 20
1.1662264047085473 1.0 4.0 1.0 21
0.0 0.37157858134681565 0.0 0.0 22
2.9388191715316143 1.0 0.0 1.0 23
2.494848866445244 1.0 0.0 1.0 24
1.598076266063499 1.0 4.0 1.0 25
2.8063499605483275 1.0 0.0 1.0 26
0.4602833098393071 1.0 4.0 1.0 27
3.2730738592787914 1.0 0.0 1.0 28
3.061717940353286 1.0 0.0 1.0 29
2.8710502152388084 1.0 0.0 1.0 30
1.367492059121559 1.0 4.0 1.0 31
1.2073703157287228 1.0 4.0 1.0 32
3.5230228110820847 1.0 0.0 1.0 33
3.515023832219951 1.0 0.0 1.0 34
3.4221278225678717 1.0 0.0 1.0 35
0.45283958931163226 1.0 4.0 1.0 36
4.0 0.9181654480117334 4.0 0.0 37
0.4691790792059506 1.0 4.0 1.0 38
0.5485217893836177 1.0 4.0 1.0 39
4.0 0.9667021631446137 4.0 1.0 40
3.699886294985658 1.0 0.0 1.0 41
4.0 1.195843813210411 4.0 2.0 42
0.13099662614770702 1.0 4.0 1.0 43
4.0 1.21665438212738 4.0 1.0 44
4.0 0.8498963400078129 4.0 1.0 45
4.380736416368599 1.0 4.0 1.0 46
0.0 0.4917329754713972 0.0 1.0 47
4.0 1.2962551879179922 4.0 1.0 48
0.0 1.6028411646035483 0.0 1.0 49
0.0 0.33219661598452777 0.0 1.0 50
4.0 0.40922643238757844 4.0 1.0 51
4.0 1.7471888465677534 4.0 1.0 52
4.609360008835574 1.0 4.0 1.0 53
0.0 0.11498757835007868 0.0 1.0 54
4.0 1.9029341004855667 4.0 1.0 55
4.0 0.0 4.0 1.0 56
5.0 1.0 4.0 1.0 57
*** t=40
0.0 1.8039798501999416 0.0 2.0 0
1.3280767890020104 1.0 0.0 1.0 1
3.173310543720239 1.0 4.0 1.0 2
1.1715135277887598 1.0 0.0 1.0 3
2.646786244127256 1.0 0.0 1.0 4
0.17776095907718248 1.0 0.0 1.0 5
1.0640092614308116 1.0 0.0 1.0 6
1.1738911547769972 1.0 0.0 1.0 7
3.5043610424343603 1.0 4.0 1.0 8
2.7241481366778295 1.0 4.0 1.0 9
0.3110100696904571 1.0 0.0 1.0 10
2.268580952870174 1.0 0.0 1.0 11
1.6155297536621864 1.0 0.0 1.0 12
2.3722774068135237 1.0 4.0 1.0 13
2.9145469803677875 1.0 0.0 1.0 14
2.7718000969564196 1.0 0.0 1.0 15
1.4242991911895913 1.0 0.0 1.0 16
1.788054290822057 1.0 4.0 1.0 17
1.6208939544407464 1.0 0.0 1.0 18
2.389811930335636 1.0 0.0 1.0 19
1.2802383207458392 1.0 4.0 1.0 20
0.0 0.2858721908913849 0.0 0.0 21
2.824309125505593 1.0 0.0 1.0 22
2.35567380346998 1.0 0.0 1.0 23
1.750904281714293 1.0 4.0 1.0 24
2.6773117229335233 1.0 0.0 1.0 25
0.5576355304952609 1.0 4.0 1.0 26
3.1579454498973774 1.0 0.0 1.0 27
2.9324991363768387 1.0 0.0 1.0 28
2.7291202295880623 1.0 0.0 1.0 29
1.5365986347730989 1.0 4.0 1.0 30
1.3771680323232398 1.0 4.0 1.0 31
3.409409181165322 1.0 0.0 1.0 32
3.39127581823828 1.0 0.0 1.0 33
3.290638474448528 1.0 0.0 1.0 34
0.5849159156126897 1.0 4.0 1.0 35
4.0 0.8198168523764364 4.0 0.0 36
0.6324211991177229 1.0 4.0 1.0 37
0.7205797659817974 1.0 4.0 1.0 38
4.0 1.0741135146051264 4.0 2.0 39
3.555429216650731 1.0 0.0 1.0 40
4.0 1.3287153480115674 4.0 2.0 41
0.2925675727402366 1.0 4.0 1.0 42
4.0 1.1047478652884344 4.0 1.0 43
4.0 0.9915457300091151 4.0 1.0 44
4.277525819096699 1.0 4.0 1.0 45
0.0 0.5900795705656766 0.0 1.0 46
4.0 1.1555062255015907 4.0 1.0 47
0.0 1.5035514557544354 0.0 1.0 48
0.0 0.4429288213127037 0.0 1.0 49
4.0 0.5456352431834379 4.0 1.0 50
4.0 1.662918462090338 4.0 1.0 51
4.479146678447432 1.0 4.0 1.0 52
0.0 0.22997515670015736 0.0 1.0 53
4.0 1.8058682009711333 4.0 1.0 54
4.0 0.09905033341456715 4.0 1.0 55
4.859250373613511 1.0 4.0 1.0 56
0.0 0.0 0.0 1.0 57
0.0 2.0 0.0 1.0 58
4.0 2.0 4.0 1.0 59
*** t=41
0.0 1.9567161620473084 0.0 2.0 0
1.2288356211372 1.0 0.0 1.0 1
3.2892358366013568 1.0 4.0 1.0 2
1.0651666813384477 1.0 0.0 1.0 3
2.577574074836881 1.0 0.0 1.0 4
0.035930399050040696 1.0 0.0 1.0 5
0.9410095508505245 1.0 0.0 1.0 6
1.0504682888020618 1.0 0.0 1.0 7
3.6545064105155056 1.0 4.0 1.0 8
2.857153427273466 1.0 4.0 1.0 9
0.14354614360797346 1.0 0.0 1.0 10
2.1710302726155373 1.0 0.0 1.0 11
1.4946558162929786 1.0 0.0 1.0 12
2.501980383998659 1.0 4.0 1.0 13
2.8343372488434717 1.0 0.0 1.0 14
2.6826721008346763 1.0 0.0 1.0 15
1.2812711588371748 1.0 0.0 1.0 16
1.9147840313139686 1.0 4.0 1.0 17
1.467298225097144 1.0 0.0 1.0 18
2.271167018078165 1.0 0.0 1.0 19
1.394250236783131 1.0 4.0 1.0 20
0.0 0.2001658004359541 0.0 0.0 21
2.7097990794795717 1.0 0.0 1.0 22
2.2164987404947154 1.0 0.0 1.0 23
1.903732297365087 1.0 4.0 1.0 24
2.548273485318719 1.0 0.0 1.0 25
0.6549877511512148 1.0 4.0 1.0 26
3.0428170405159634 1.0 0.0 1.0 27
2.803280332400391 1.0 0.0 1.0 28
2.5871902439373162 1.0 0.0 1.0 29
1.7057052104246389 1.0 4.0 1.0 30
1.5469657489177568 1.0 4.0 1.0 31
3.2957955512485593 1.0 0.0 1.0 32
3.267527804256609 1.0 0.0 1.0 33
3.159149126329184 1.0 0.0 1.0 34
0.7169922419137472 1.0 4.0 1.0 35
4.0 0.7214682567411395 4.0 0.0 36
0.7956633190294952 1.0 4.0 1.0 37
0.8926377425799771 1.0 4.0 1.0 38
4.0 1.181524866065639 4.0 2.0 39
3.410972138315804 1.0 0.0 1.0 40
4.0 1.4615868828127239 4.0 2.0 41
0.45413851933276617 1.0 4.0 1.0 42
4.0 0.9928413484494888 4.0 0.0 43
3.8668048799895827 1.0 0.0 1.0 44
4.1743152218247985 1.0 4.0 1.0 45
0.0 0.6884261656599561 0.0 1.0 46
4.0 1.014757263085189 4.0 1.0 47
0.0 1.4042617469053225 0.0 1.0 48
0.0 0.5536610266408797 0.0 1.0 49
4.0 0.6820440539792973 4.0 1.0 50
4.0 1.5786480776129224 4.0 1.0 51
4.3489333480592895 1.0 4.0 1.0 52
0.0 0.34496273505023606 0.0 1.0 53
4.0 1.7088023014567 4.0 1.0 54
4.0 0.1981006668291343 4.0 1.0 55
4.718500747227022 1.0 4.0 1.0 56
0.0 0.1743274471801729 0.0 1.0 57
0.0 1.8862931504120135 0.0 1.0 58
4.0 1.9042986085008882 4.0 1.0 59
*** t=42
1.1295944532723896 1.0 0.0 1.0 0
3.4051611294824746 1.0 4.0 1.0 1
0.9588198348881355 1.0 0.0 1.0 2
2.508361905546506 1.0 0.0 1.0 3
0.0 0.8940998390228989 0.0 0.0 4
0.8180098402702374 1.0 0.0 1.0 5
0.9270454228271263 1.0 0.0 1.0 6
3.804651778596651 1.0 4.0 1.0 7
2.990158717869103 1.0 4.0 1.0 8
0.0 1.02391778247451 0.0 2.0 9
2.0734795923609006 1.0 0.0 1.0 10
1.3737818789237708 1.0 0.0 1.0 11
2.6316833611837946 1.0 4.0 1.0 12
2.754127517319156 1.0 0.0 1.0 13
2.593544104712933 1.0 0.0 1.0 14
1.1382431264847583 1.0 0.0 1.0 15
2.0415137718058802 1.0 4.0 1.0 16
1.3137024957535417 1.0 0.0 1.0 17
2.152522105820694 1.0 0.0 1.0 18
1.508262152820423 1.0 4.0 1.0 19
0.0 0.11445940998052333 0.0 0.0 20
2.5952890334535503 1.0 0.0 1.0 21
2.077323677519451 1.0 0.0 1.0 22
2.056560313015881 1.0 4.0 1.0 23
2.4192352477039147 1.0 0.0 1.0 24
0.7523399718071686 1.0 4.0 1.0 25
2.9276886311345494 1.0 0.0 1.0 26
2.6740615284239437 1.0 0.0 1.0 27
2.44526025828657 1.0 0.0 1.0 28
1.8748117860761788 1.0 4.0 1.0 29
1.7167634655122739 1.0 4.0 1.0 30
3.1821819213317966 1.0 0.0 1.0 31
3.1437797902749383 1.0 0.0 1.0 32
3.0276597782098404 1.0 0.0 1.0 33
0.8490685682148047 1.0 4.0 1.0 34
4.0 0.6231196611058425 4.0 0.0 35
0.9589054389412675 1.0 4.0 1.0 36
1.0646957191781568 1.0 4.0 1.0 37
4.0 1.2889362175261516 4.0 2.0 38
3.2665150599808768 1.0 0.0 1.0 39
4.0 1.5944584176138803 4.0 2.0 40
0.6157094659252957 1.0 4.0 1.0 41
4.0 0.8809348316105432 4.0 0.0 42
3.7251554899882806 1.0 0.0 1.0 43
4.071104624552898 1.0 4.0 1.0 44
0.0 0.7867727607542355 0.0 1.0 45
3.8740083006687875 1.0 0.0 1.0 46
0.0 1.3049720380562095 0.0 1.0 47
0.0 0.6643932319690556 0.0 1.0 48
4.0 0.8184528647751568 4.0 1.0 49
4.0 1.4943776931355068 4.0 1.0 50
4.2187200176711475 1.0 4.0 1.0 51
0.0 0.4599503134003147 0.0 1.0 52
4.0 1.6117364019422666 4.0 1.0 53
4.0 0.29715100024370145 4.0 1.0 54
4.577751120840533 1.0 4.0 1.0 55
0.0 0.3486548943603458 0.0 1.0 56
0.0 1.772586300824027 0.0 1.0 57
4.0 1.8085972170017763 4.0 1.0 58
0.0 0.0 0.0 1.0 59
4.0 0.0 4.0 1.0 60
4.0 2.0 4.0 1.0 61
5.0 1.0 4.0 1.0 62
*** t=43
1.0303532854075792 1.0 0.0 1.0 0
3.5210864223635925 1.0 4.0 1.0 1
0.8524729884378233 1.0 0.0 1.0 2
2.439149736256131 1.0 0.0 1.0 3
0.0 0.7522692789957571 0.0 0.0 4
0.6950101296899502 1.0 0.0 1.0 5
0.8036225568521909 1.0 0.0 1.0 6
3.9547971466777962 1.0 4.0 1.0 7
3.1231640084647396 1.0 4.0 1.0 8
0.0 1.1913817085569938 0.0 2.0 9
1.975928912106264 1.0 0.0 1.0 10
1.252907941554563 1.0 0.0 1.0 11
2.76138633836893 1.0 4.0 1.0 12
2.67391778579484 1.0 0.0 1.0 13
2.50441610859119 1.0 0.0 1.0 14
0.995215094132342 1.0 0.0 1.0 15
2.168243512297792 1.0 4.0 1.0 16
1.1601067664099394 1.0 0.0 1.0 17
2.0338771935632227 1.0 0.0 1.0 18
1.6222740688577149 1.0 4.0 1.0 19
0.0 0.028753019525092544 0.0 0.0 20
2.480778987427529 1.0 0.0 1.0 21
1.9381486145441866 1.0 0.0 1.0 22
2.209388328666675 1.0 4.0 1.0 23
2.2901970100891105 1.0 0.0 1.0 24
0.8496921924631224 1.0 4.0 1.0 25
2.8125602217531354 1.0 0.0 1.0 26
2.5448427244474963 1.0 0.0 1.0 27
2.303330272635824 1.0 0.0 1.0 28
2.0439183617277186 1.0 4.0 1.0 29
1.886561182106791 1.0 4.0 1.0 30
3.068568291415034 1.0 0.0 1.0 31
3.0200317762932674 1.0 0.0 1.0 32
2.8961704300904967 1.0 0.0 1.0 33
0.9811448945158622 1.0 4.0 1.0 34
4.0 0.5247710654705455 4.0 0.0 35
1.1221475588530399 1.0 4.0 1.0 36
1.2367536957763365 1.0 4.0 1.0 37
4.0 1.3963475689866642 4.0 2.0 38
3.1220579816459497 1.0 0.0 1.0 39
4.0 1.7273299524150367 4.0 2.0 40
0.7772804125178253 1.0 4.0 1.0 41
4.0 0.7690283147715976 4.0 0.0 42
3.5835060999869786 1.0 0.0 1.0 43
3.967894027280998 1.0 0.0 1.0 44
0.0 0.885119355848515 0.0 1.0 45
3.733259338252386 1.0 0.0 1.0 46
0.0 1.2056823292070966 0.0 1.0 47
0.0 0.7751254372972316 0.0 1.0 48
4.0 0.9548616755710162 4.0 1.0 49
4.0 1.4101073086580913 4.0 1.0 50
4.088506687283005 1.0 4.0 1.0 51
0.0 0.5749378917503934 0.0 1.0 52
4.0 1.5146705024278333 4.0 1.0 53
4.0 0.3962013336582686 4.0 1.0 54
4.437001494454044 1.0 4.0 1.0 55
0.0 0.5229823415405187 0.0 1.0 56
0.0 1.6588794512360405 0.0 1.0 57
4.0 1.7128958255026645 4.0 1.0 58
0.0 0.1789070468840418 0.0 1.0 59
4.0 0.13931817585427336 4.0 1.0 60
4.0 1.8896191158528437 4.0 1.0 61
4.876451568348881 1.0 4.0 1.0 62
*** t=44
0.9311121175427688 1.0 0.0 1.0 0
3.6370117152447103 1.0 4.0 1.0 1
0.746126141987511 1.0 0.0 1.0 2
2.3699375669657563 1.0 0.0 1.0 3
0.0 0.6104387189686153 0.0 0.0 4
0.5720104191096631 1.0 0.0 1.0 5
0.6801996908772554 1.0 0.0 1.0 6
4.0 0.8950574852410583 4.0 0.0 7
3.2561692990603763 1.0 4.0 1.0 8
0.0 1.3588456346394775 0.0 2.0 9
1.8783782318516273 1.0 0.0 1.0 10
1.1320340041853552 1.0 0.0 1.0 11
2.8910893155540656 1.0 4.0 1.0 12
2.5937080542705244 1.0 0.0 1.0 13
2.4152881124694465 1.0 0.0 1.0 14
0.8521870617799256 1.0 0.0 1.0 15
2.294973252789704 1.0 4.0 1.0 16
1.006511037066337 1.0 0.0 1.0 17
1.9152322813057516 1.0 0.0 1.0 18
1.7362859848950067 1.0 4.0 1.0 19
2.3662689414015077 1.0 0.0 1.0 20
1.7989735515689222 1.0 0.0 1.0 21
2.362216344317469 1.0 4.0 1.0 22
2.161158772474306 1.0 0.0 1.0 23
0.9470444131190763 1.0 4.0 1.0 24
2.6974318123717214 1.0 0.0 1.0 25
2.415623920471049 1.0 0.0 1.0 26
2.161400286985078 1.0 0.0 1.0 27
2.2130249373792585 1.0 4.0 1.0 28
2.056358898701308 1.0 4.0 1.0 29
2.954954661498271 1.0 0.0 1.0 30
2.8962837623115965 1.0 0.0 1.0 31
2.764681081971153 1.0 0.0 1.0 32
1.1132212208169197 1.0 4.0 1.0 33
4.0 0.42642246983524856 4.0 0.0 34
1.2853896787648122 1.0 4.0 1.0 35
1.4088116723745163 1.0 4.0 1.0 36
4.0 1.5037589204471769 4.0 2.0 37
2.9776009033110227 1.0 0.0 1.0 38
4.0 1.8602014872161932 4.0 2.0 39
0.9388513591103549 1.0 4.0 1.0 40
4.0 0.657121797932652 4.0 0.0 41
3.4418567099856765 1.0 0.0 1.0 42
3.864683430009098 1.0 0.0 1.0 43
0.0 0.9834659509427944 0.0 1.0 44
3.5925103758359844 1.0 0.0 1.0 45
0.0 1.1063926203579837 0.0 1.0 46
0.0 0.8858576426254076 0.0 1.0 47
3.908729513633124 1.0 0.0 1.0 48
4.0 1.3258369241806758 4.0 1.0 49
3.9582933568948633 1.0 0.0 1.0 50
0.0 0.6899254701004721 0.0 1.0 51
4.0 1.4176046029134 4.0 1.0 52
4.0 0.49525166707283574 4.0 1.0 53
4.296251868067555 1.0 4.0 1.0 54
0.0 0.6973097887206916 0.0 1.0 55
0.0 1.545172601648054 0.0 1.0 56
4.0 1.6171944340035527 4.0 1.0 57
0.0 0.3578140937680836 0.0 1.0 58
4.0 0.2786363517085467 4.0 1.0 59
4.0 1.7792382317056874 4.0 1.0 60
4.752903136697762 1.0 4.0 1.0 61
0.0 0.0 0.0 1.0 62
4.0 2.0 4.0 1.0 63
*** t=45
0.8318709496779584 1.0 0.0 1.0 0
3.752937008125828 1.0 4.0 1.0 1
0.6397792955371988 1.0 0.0 1.0 2
2.3007253976753814 1.0 0.0 1.0 3
0.0 0.46860815894147356 0.0 0.0 4
0.4490107085293759 1.0 0.0 1.0 5
0.55677682490232 1.0 0.0 1.0 6
4.0 0.7449121171599129 4.0 0.0 7
3.389174589656013 1.0 4.0 1.0 8
0.0 1.5263095607219612 0.0 2.0 9
1.7808275515969907 1.0 0.0 1.0 10
1.0111600668161473 1.0 0.0 1.0 11
3.020792292739201 1.0 4.0 1.0 12
2.5134983227462087 1.0 0.0 1.0 13
2.3261601163477033 1.0 0.0 1.0 14
0.7091590294275093 1.0 0.0 1.0 15
2.421702993281616 1.0 4.0 1.0 16
0.8529153077227347 1.0 0.0 1.0 17
1.7965873690482805 1.0 0.0 1.0 18
1.8502979009322986 1.0 4.0 1.0 19
2.2517588953754863 1.0 0.0 1.0 20
1.6597984885936579 1.0 0.0 1.0 21
2.515044359968263 1.0 4.0 1.0 22
2.032120534859502 1.0 0.0 1.0 23
1.0443966337750301 1.0 4.0 1.0 24
2.5823034029903074 1.0 0.0 1.0 25
2.2864051164946013 1.0 0.0 1.0 26
2.019470301334332 1.0 0.0 1.0 27
2.3821315130307985 1.0 4.0 1.0 28
2.226156615295825 1.0 4.0 1.0 29
2.8413410315815084 1.0 0.0 1.0 30
2.7725357483299256 1.0 0.0 1.0 31
2.633191733851809 1.0 0.0 1.0 32
1.245297547117977 1.0 4.0 1.0 33
4.0 0.3280738741999516 4.0 0.0 34
1.4486317986765846 1.0 4.0 1.0 35
1.580869648972696 1.0 4.0 1.0 36
4.0 1.6111702719076895 4.0 2.0 37
2.8331438249760956 1.0 0.0 1.0 38
4.0 1.9930730220173496 4.0 2.0 39
1.1004223057028844 1.0 4.0 1.0 40
4.0 0.5452152810937064 4.0 0.0 41
3.3002073199843744 1.0 0.0 1.0 42
3.761472832737198 1.0 0.0 1.0 43
0.0 1.0818125460370738 0.0 2.0 44
3.451761413419583 1.0 0.0 1.0 45
0.0 1.0071029115088708 0.0 1.0 46
0.0 0.9965898479535835 0.0 1.0 47
3.7723207028372645 1.0 0.0 1.0 48
4.0 1.2415665397032603 4.0 1.0 49
3.828080026506721 1.0 0.0 1.0 50
0.0 0.8049130484505508 0.0 1.0 51
4.0 1.3205387033989666 4.0 1.0 52
4.0 0.5943020004874029 4.0 1.0 53
4.1555022416810665 1.0 4.0 1.0 54
0.0 0.8716372359008645 0.0 1.0 55
0.0 1.4314657520600675 0.0 1.0 56
4.0 1.5214930425044408 4.0 1.0 57
0.0 0.5367211406521254 0.0 1.0 58
4.0 0.4179545275628201 4.0 1.0 59
4.0 1.668857347558531 4.0 1.0 60
4.6293547050466435 1.0 4.0 1.0 61
0.0 0.16721896769910263 0.0 1.0 62
4.0 1.8246552881978677 4.0 1.0 63
0.0 2.0 0.0 1.0 64
4.0 0.0 4.0 1.0 65
5.0 1.0 4.0 1.0 66
*** t=46
0.732629781813148 1.0 0.0 1.0 0
3.868862301006946 1.0 4.0 1.0 1
0.5334324490868866 1.0 0.0 1.0 2
2.2315132283850065 1.0 0.0 1.0 3
0.0 0.3267775989143318 0.0 0.0 4
0.3260109979490887 1.0 0.0 1.0 5
0.4333539589273845 1.0 0.0 1.0 6
4.0 0.5947667490787675 4.0 0.0 7
3.5221798802516497 1.0 4.0 1.0 8
0.0 1.693773486804445 0.0 2.0 9
1.683276871342354 1.0 0.0 1.0 10
0.8902861294469396 1.0 0.0 1.0 11
3.1504952699243365 1.0 4.0 1.0 12
2.433288591221893 1.0 0.0 1.0 13
2.23703212022596 1.0 0.0 1.0 14
0.566130997075093 1.0 0.0 1.0 15
2.5484327337735277 1.0 4.0 1.0 16
0.6993195783791324 1.0 0.0 1.0 17
1.6779424567908094 1.0 0.0 1.0 18
1.9643098169695905 1.0 4.0 1.0 19
2.137248849349465 1.0 0.0 1.0 20
1.5206234256183935 1.0 0.0 1.0 21
2.6678723756190568 1.0 4.0 1.0 22
1.9030822972446977 1.0 0.0 1.0 23
1.141748854430984 1.0 4.0 1.0 24
2.4671749936088934 1.0 0.0 1.0 25
2.157186312518154 1.0 0.0 1.0 26
1.8775403156835857 1.0 0.0 1.0 27
2.5512380886823385 1.0 4.0 1.0 28
2.395954331890342 1.0 4.0 1.0 29
2.7277274016647457 1.0 0.0 1.0 30
2.6487877343482547 1.0 0.0 1.0 31
2.5017023857324654 1.0 0.0 1.0 32
1.3773738734190344 1.0 4.0 1.0 33
4.0 0.22972527856465463 4.0 0.0 34
1.611873918588357 1.0 4.0 1.0 35
1.752927625570876 1.0 4.0 1.0 36
4.0 1.718581623368202 4.0 2.0 37
2.6886867466411686 1.0 0.0 1.0 38
1.2619932522954138 1.0 4.0 1.0 39
4.0 0.4333087642547608 4.0 0.0 40
3.1585579299830724 1.0 0.0 1.0 41
3.6582622354652976 1.0 0.0 1.0 42
0.0 1.1801591411313532 0.0 2.0 43
3.3110124510031813 1.0 0.0 1.0 44
0.09218679734024222 1.0 4.0 1.0 45
0.0 1.1073220532817594 0.0 2.0 46
3.635911892041405 1.0 0.0 1.0 47
4.0 1.1572961552258447 4.0 1.0 48
3.697866696118579 1.0 0.0 1.0 49
0.0 0.9199006268006295 0.0 1.0 50
4.0 1.2234728038845333 4.0 1.0 51
4.0 0.69335233390197 4.0 1.0 52
4.014752615294578 1.0 4.0 1.0 53
0.0 1.0459646830810374 0.0 2.0 54
0.0 1.317758902472081 0.0 1.0 55
4.0 1.425791651005329 4.0 1.0 56
0.0 0.7156281875361672 0.0 1.0 57
4.0 0.5572727034170935 4.0 1.0 58
4.0 1.5584764634113748 4.0 1.0 59
4.505806273395525 1.0 4.0 1.0 60
0.0 0.33443793539820527 0.0 1.0 61
4.0 1.6493105763957354 4.0 1.0 62
0.0 1.8725440204663382 0.0 1.0 63
4.0 0.133244116685025 4.0 1.0 64
4.858122283362326 1.0 4.0 1.0 65
0.0 0.0 0.0 1.0 66
4.0 2.0 4.0 1.0 67
*** t=47
0.6333886139483376 1.0 0.0 1.0 0
3.984787593888064 1.0 4.0 1.0 1
0.42708560263657436 1.0 0.0 1.0 2
2.1623010590946317 1.0 0.0 1.0 3
0.0 0.18494703888719 0.0 0.0 4
0.20301128736880153 1.0 0.0 1.0 5
0.309931092952449 1.0 0.0 1.0 6
4.0 0.44462138099762205 4.0 0.0 7
3.6551851708472864 1.0 4.0 1.0 8
0.0 1.8612374128869287 0.0 2.0 9
1.5857261910877174 1.0 0.0 1.0 10
0.7694121920777319 1.0 0.0 1.0 11
3.280198247109472 1.0 4.0 1.0 12
2.353078859697577 1.0 0.0 1.0 13
2.1479041241042167 1.0 0.0 1.0 14
0.4231029647226766 1.0 0.0 1.0 15
2.6751624742654396 1.0 4.0 1.0 16
0.5457238490355301 1.0 0.0 1.0 17
1.5592975445333384 1.0 0.0 1.0 18
2.0783217330068826 1.0 4.0 1.0 19
2.0227388033234437 1.0 0.0 1.0 20
1.381448362643129 1.0 0.0 1.0 21
2.8207003912698507 1.0 4.0 1.0 22
1.7740440596298934 1.0 0.0 1.0 23
1.2391010750869378 1.0 4.0 1.0 24
2.3520465842274794 1.0 0.0 1.0 25
2.0279675085417064 1.0 0.0 1.0 26
1.7356103300328396 1.0 0.0 1.0 27
2.7203446643338784 1.0 4.0 1.0 28
2.565752048484859 1.0 4.0 1.0 29
2.614113771747983 1.0 0.0 1.0 30
2.5250397203665838 1.0 0.0 1.0 31
2.3702130376131216 1.0 0.0 1.0 32
1.5094501997200918 1.0 4.0 1.0 33
4.0 0.13137668292935767 4.0 0.0 34
1.7751160385001294 1.0 4.0 1.0 35
1.9249856021690557 1.0 4.0 1.0 36
4.0 1.8259929748287147 4.0 2.0 37
2.5442296683062415 1.0 0.0 1.0 38
1.4235641988879433 1.0 4.0 1.0 39
4.0 0.32140224741581513 4.0 0.0 40
3.0169085399817703 1.0 0.0 1.0 41
3.5550516381933974 1.0 0.0 1.0 42
0.0 1.2785057362256327 0.0 2.0 43
3.1702634885867798 1.0 0.0 1.0 44
0.19147650618935522 1.0 4.0 1.0 45
0.0 1.2180542586099352 0.0 2.0 46
3.499503081245545 1.0 0.0 1.0 47
4.0 1.0730257707484292 4.0 1.0 48
3.567653365730437 1.0 0.0 1.0 49
0.03488820515070813 1.0 4.0 1.0 50
4.0 1.1264069043701 4.0 1.0 51
4.0 0.7924026673165372 4.0 1.0 52
4.0 1.1259970110919113 4.0 2.0 53
0.0 1.2202921302612104 0.0 2.0 54
0.0 1.2040520528840946 0.0 1.0 55
4.0 1.3300902595062172 4.0 1.0 56
0.0 0.894535234420209 0.0 1.0 57
4.0 0.6965908792713669 4.0 1.0 58
4.0 1.4480955792642185 4.0 1.0 59
4.382257841744406 1.0 4.0 1.0 60
0.0 0.5016569030973079 0.0 1.0 61
4.0 1.4739658645936031 4.0 1.0 62
0.0 1.7450880409326763 0.0 1.0 63
4.0 0.26648823337005 4.0 1.0 64
4.716244566724653 1.0 4.0 1.0 65
0.0 0.128228010054272 0.0 1.0 66
4.0 1.86891000586716 4.0 1.0 67
*** t=48
0.5341474460835272 1.0 0.0 1.0 0
4.0 1.1007128867691816 4.0 2.0 1
0.32073875618626213 1.0 0.0 1.0 2
2.093088889804257 1.0 0.0 1.0 3
0.0 0.04311647886004821 0.0 0.0 4
0.08001157678851434 1.0 0.0 1.0 5
0.18650822697751357 1.0 0.0 1.0 6
4.0 0.2944760129164766 4.0 0.0 7
3.788190461442923 1.0 4.0 1.0 8
1.4881755108330808 1.0 0.0 1.0 9
0.6485382547085242 1.0 0.0 1.0 10
3.4099012242946074 1.0 4.0 1.0 11
2.2728691281732614 1.0 0.0 1.0 12
2.0587761279824734 1.0 0.0 1.0 13
0.28007493237026027 1.0 0.0 1.0 14
2.8018922147573515 1.0 4.0 1.0 15
0.39212811969192773 1.0 0.0 1.0 16
1.4406526322758673 1.0 0.0 1.0 17
2.1923336490441745 1.0 4.0 1.0 18
1.9082287572974221 1.0 0.0 1.0 19
1.2422732996678647 1.0 0.0 1.0 20
2.9735284069206447 1.0 4.0 1.0 21
1.6450058220150892 1.0 0.0 1.0 22
1.3364532957428916 1.0 4.0 1.0 23
2.2369181748460654 1.0 0.0 1.0 24
1.8987487045652587 1.0 0.0 1.0 25
1.5936803443820935 1.0 0.0 1.0 26
2.8894512399854184 1.0 4.0 1.0 27
2.735549765079376 1.0 4.0 1.0 28
2.5005001418312203 1.0 0.0 1.0 29
2.401291706384913 1.0 0.0 1.0 30
2.238723689493778 1.0 0.0 1.0 31
1.6415265260211491 1.0 4.0 1.0 32
4.0 0.03302808729406072 4.0 0.0 33
1.9383581584119018 1.0 4.0 1.0 34
2.0970435787672352 1.0 4.0 1.0 35
4.0 1.9334043262892273 4.0 2.0 36
2.3997725899713145 1.0 0.0 1.0 37
1.5851351454804727 1.0 4.0 1.0 38
4.0 0.2094957305768695 4.0 0.0 39
2.8752591499804683 1.0 0.0 1.0 40
3.4518410409214972 1.0 0.0 1.0 41
0.0 1.3768523313199121 0.0 2.0 42
3.029514526170378 1.0 0.0 1.0 43
0.2907662150384682 1.0 4.0 1.0 44
0.0 1.328786463938111 0.0 2.0 45
3.3630942704496856 1.0 0.0 1.0 46
4.011244613728986 1.0 5.0 1.0 47
3.437440035342295 1.0 0.0 1.0 48
0.1498757835007868 1.0 4.0 1.0 49
4.0 1.0293410048556666 4.0 1.0 50
4.0 0.8914530007311043 4.0 1.0 51
4.0 1.2667466374784002 4.0 2.0 52
0.0 1.3946195774413832 0.0 2.0 53
0.0 1.090345203296108 0.0 1.0 54
4.0 1.2343888680071053 4.0 1.0 55
0.07344228130425079 1.0 4.0 1.0 56
4.0 0.8359090551256403 4.0 1.0 57
4.0 1.3377146951170622 4.0 1.0 58
4.258709410093287 1.0 4.0 1.0 59
0.0 0.6688758707964105 0.0 1.0 60
4.0 1.2986211527914708 4.0 1.0 61
0.0 1.6176320613990145 0.0 1.0 62
4.0 0.399732350055075 4.0 1.0 63
4.574366850086979 1.0 4.0 1.0 64
0.0 0.256456020108544 0.0 1.0 65
4.0 1.7378200117343199 4.0 1.0 66
0.0 0.0 0.0 1.0 67
4.0 0.0 4.0 1.0 68
4.0 2.0 4.0 1.0 69
5.0 1.0 4.0 1.0 70
*** t=49
0.43490627821871675 1.0 0.0 1.0 0
4.0 1.2166381796502992 4.0 2.0 1
0.2143919097359499 1.0 0.0 1.0 2
2.023876720513882 1.0 0.0 1.0 3
0.0 1.0429881337917728 0.0 2.0 4
0.06308536100257811 1.0 0.0 1.0 5
4.0 0.1443306448353312 4.0 0.0 6
3.92119575203856 1.0 4.0 1.0 7
1.390624830578444 1.0 0.0 1.0 8
0.5276643173393165 1.0 0.0 1.0 9
3.539604201479743 1.0 4.0 1.0 10
2.1926593966489456 1.0 0.0 1.0 11
1.9696481318607302 1.0 0.0 1.0 12
0.13704690001784392 1.0 0.0 1.0 13
2.9286219552492634 1.0 4.0 1.0 14
0.2385323903483254 1.0 0.0 1.0 15
1.3220077200183962 1.0 0.0 1.0 16
2.3063455650814664 1.0 4.0 1.0 17
1.7937187112714006 1.0 0.0 1.0 18
1.1030982366926003 1.0 0.0 1.0 19
3.1263564225714386 1.0 4.0 1.0 20
1.515967584400285 1.0 0.0 1.0 21
1.4338055163988455 1.0 4.0 1.0 22
2.1217897654646514 1.0 0.0 1.0 23
1.769529900588811 1.0 0.0 1.0 24
1.4517503587313474 1.0 0.0 1.0 25
3.0585578156369584 1.0 4.0 1.0 26
2.905347481673893 1.0 4.0 1.0 27
2.3868865119144576 1.0 0.0 1.0 28
2.277543692403242 1.0 0.0 1.0 29
2.107234341374434 1.0 0.0 1.0 30
1.7736028523222065 1.0 4.0 1.0 31
2.1016002783236742 1.0 4.0 1.0 32
2.269101555365415 1.0 4.0 1.0 33
2.2553155116363874 1.0 0.0 1.0 34
1.7467060920730022 1.0 4.0 1.0 35
4.0 0.09758921373792386 4.0 0.0 36
2.733609759979166 1.0 0.0 1.0 37
3.348630443649597 1.0 0.0 1.0 38
0.0 1.4751989264141916 0.0 2.0 39
2.8887655637539766 1.0 0.0 1.0 40
0.3900559238875812 1.0 4.0 1.0 41
0.0 1.439518669266287 0.0 2.0 42
3.226685459653826 1.0 0.0 1.0 43
4.095514998206402 1.0 5.0 1.0 44
3.307226704954153 1.0 0.0 1.0 45
0.2648633618508655 1.0 4.0 1.0 46
4.0 0.9322751053412333 4.0 0.0 47
4.0 0.9905033341456715 4.0 1.0 48
4.0 1.4074962638648891 4.0 2.0 49
0.0 1.568947024621556 0.0 2.0 50
0.02336164629187837 1.0 4.0 1.0 51
4.0 1.1386874765079935 4.0 1.0 52
0.2523493281882926 1.0 4.0 1.0 53
4.0 0.9752272309799137 4.0 1.0 54
4.0 1.227333810969906 4.0 1.0 55
4.135160978442168 1.0 4.0 1.0 56
0.0 0.8360948384955131 0.0 1.0 57
4.0 1.1232764409893385 4.0 1.0 58
0.0 1.4901760818653527 0.0 1.0 59
4.0 0.5329764667401 4.0 1.0 60
4.432489133449305 1.0 4.0 1.0 61
0.0 0.38468403016281605 0.0 1.0 62
4.0 1.6067300176014798 4.0 1.0 63
0.0 0.15254823971489856 0.0 1.0 64
4.0 0.1428976542328571 4.0 1.0 65
4.0 1.9506923549593735 4.0 1.0 66
4.8905021419851025 1.0 4.0 1.0 67
*** t=50
0.33566511035390634 1.0 0.0 1.0 0
4.0 1.3325634725314168 4.0 2.0 1
0.10804506328563769 1.0 0.0 1.0 2
1.9546645512235072 1.0 0.0 1.0 3
0.0 1.16598784437206 0.0 2.0 4
0.0 0.9396624950276427 0.0 0.0 5
4.0 0.9457989573658033 4.0 0.0 6
1.2930741503238075 1.0 0.0 1.0 7
0.4067903799701088 1.0 0.0 1.0 8
3.6693071786648783 1.0 4.0 1.0 9
2.11244966512463 1.0 0.0 1.0 10
1.880520135738987 1.0 0.0 1.0 11
0.0 1.0059811323345724 0.0 2.0 12
3.0553516957411753 1.0 4.0 1.0 13
0.08493666100472308 1.0 0.0 1.0 14
1.203362807760925 1.0 0.0 1.0 15
2.4203574811187583 1.0 4.0 1.0 16
1.679208665245379 1.0 0.0 1.0 17
0.9639231737173359 1.0 0.0 1.0 18
3.2791844382222326 1.0 4.0 1.0 19
1.3869293467854806 1.0 0.0 1.0 20
1.5311577370547993 1.0 4.0 1.0 21
2.0066613560832374 1.0 0.0 1.0 22
1.6403110966123633 1.0 0.0 1.0 23
1.3098203730806013 1.0 0.0 1.0 24
3.2276643912884984 1.0 4.0 1.0 25
3.07514519826841 1.0 4.0 1.0 26
2.273272881997695 1.0 0.0 1.0 27
2.153795678421571 1.0 0.0 1.0 28
1.9757449932550901 1.0 0.0 1.0 29
1.9056791786232639 1.0 4.0 1.0 30
2.2648423982354466 1.0 4.0 1.0 31
2.441159531963595 1.0 4.0 1.0 32
2.1108584333014604 1.0 0.0 1.0 33
1.9082770386655317 1.0 4.0 1.0 34
2.591960369977864 1.0 0.0 1.0 35
3.245419846377697 1.0 0.0 1.0 36
0.0 1.573545521508471 0.0 2.0 37
2.748016601337575 1.0 0.0 1.0 38
0.4893456327366942 1.0 4.0 1.0 39
0.0 1.5502508745944628 0.0 2.0 40
3.0902766488579663 1.0 0.0 1.0 41
4.179785382683817 1.0 5.0 1.0 42
3.1770133745660107 1.0 0.0 1.0 43
0.3798509402009442 1.0 4.0 1.0 44
4.0 0.8352092058267999 4.0 0.0 45
3.9104463324397614 1.0 0.0 1.0 46
4.0 1.548245890251378 4.0 2.0 47
0.0 1.7432744718017288 0.0 2.0 48
0.1370684958798648 1.0 4.0 1.0 49
4.0 1.0429860850088817 4.0 1.0 50
0.4312563750723344 1.0 4.0 1.0 51
4.0 1.1145454068341871 4.0 2.0 52
4.0 1.1169529268227496 4.0 1.0 53
4.011612546791049 1.0 4.0 1.0 54
0.0 1.0033138061946159 0.0 2.0 55
4.0 0.9479317291872061 4.0 0.0 56
0.0 1.3627201023316908 0.0 1.0 57
4.0 0.666220583425125 4.0 1.0 58
4.290611416811632 1.0 4.0 1.0 59
0.0 0.512912040217088 0.0 1.0 60
4.0 1.4756400234686398 4.0 1.0 61
0.0 0.3050964794297971 0.0 1.0 62
4.0 0.2857953084657142 4.0 1.0 63
4.0 1.901384709918747 4.0 1.0 64
4.781004283970205 1.0 4.0 1.0 65
0.0 0.0 0.0 1.0 66
0.0 2.0 0.0 1.0 67
4.0 2.0 4.0 1.0 68
