*** t = 1
*** t = 2
*** t = 3
*** t = 4
*** t = 5
*** t = 6
*** t = 7
*** t = 8
*** t = 9
*** t = 10
1.0 1.0 1.0 0.0 0
*** t = 11
1.0 0.8551806474213067 1.0 0.0 0
*** t = 12
1.0 0.7103612948426135 1.0 0.0 0
*** t = 13
1.0 0.5655419422639202 1.0 0.0 0
*** t = 14
1.0 0.4207225896852269 1.0 0.0 0
*** t = 15
1.0 0.27590323710653364 1.0 0.0 0
0.0 0.0 1.0 0.0 1
*** t = 16
1.0 0.13108388452784034 1.0 0.0 0
0.11283443945807078 0.0 1.0 0.0 1
2.0 0.0 1.0 0.0 2
*** t = 17
1.013735468050853 0.0 2.0 0.0 0
0.22566887891614157 0.0 1.0 0.0 1
1.8633610107088212 0.0 1.0 0.0 2
*** t = 18
1.1585548206295464 0.0 2.0 0.0 0
0.3385033183742123 0.0 1.0 0.0 1
1.7267220214176424 0.0 1.0 0.0 2
*** t = 19
1.3033741732082398 0.0 2.0 0.0 0
0.45133775783228314 0.0 1.0 0.0 1
1.5900830321264636 0.0 1.0 0.0 2
*** t = 20
1.4481935257869332 0.0 2.0 0.0 0
0.564172197290354 0.0 1.0 0.0 1
1.4534440428352848 0.0 1.0 0.0 2
1.0 1.0 1.0 0.0 3
*** t = 21
1.5930128783656266 0.0 2.0 0.0 0
0.6770066367484248 0.0 1.0 0.0 1
1.316805053544106 0.0 1.0 0.0 2
1.0 0.8907324736977326 1.0 0.0 3
*** t = 22
1.73783223094432 0.0 2.0 0.0 0
0.7898410762064956 0.0 1.0 0.0 1
1.1801660642529272 0.0 1.0 0.0 2
1.0 0.7814649473954651 1.0 0.0 3
*** t = 23
1.8826515835230133 0.0 2.0 0.0 0
0.9026755156645664 0.0 1.0 0.0 1
1.0435270749617485 0.0 1.0 0.0 2
1.0 0.6721974210931977 1.0 0.0 3
*** t = 24
1.0155099551226372 0.0 2.0 0.0 1
0.9068880856705697 0.0 0.0 0.0 2
1.0 0.5629298947909303 1.0 0.0 3
*** t = 25
1.128344394580708 0.0 2.0 0.0 1
0.7702490963793909 0.0 0.0 0.0 2
1.0 0.4536623684886628 1.0 0.0 3
*** t = 26
1.2411788340387786 0.0 2.0 0.0 1
0.6336101070882121 0.0 0.0 0.0 2
1.0 0.3443948421863954 1.0 0.0 3
*** t = 27
1.3540132734968493 0.0 2.0 0.0 1
0.4969711177970333 0.0 0.0 0.0 2
1.0 0.23512731588412797 1.0 0.0 3
*** t = 28
1.46684771295492 0.0 2.0 0.0 1
0.3603321285058545 0.0 0.0 0.0 2
1.0 0.12585978958186056 1.0 0.0 3
*** t = 29
1.5796821524129907 0.0 2.0 0.0 1
0.22369313921467573 0.0 0.0 0.0 2
1.0 0.01659226327959315 1.0 0.0 3
*** t = 30
1.6925165918710614 0.0 2.0 0.0 1
0.08705414992349697 0.0 0.0 0.0 2
1.0926752630226741 0.0 2.0 0.0 3
1.0 1.0 1.0 0.0 4
0.0 0.0 1.0 0.0 5
*** t = 31
1.805351031329132 0.0 2.0 0.0 1
1.2019427893249415 0.0 2.0 0.0 3
1.0 0.8705136729286658 1.0 0.0 4
0.12049101996169323 0.0 1.0 0.0 5
*** t = 32
1.9181854707872028 0.0 2.0 0.0 1
1.3112103156272088 0.0 2.0 0.0 3
1.0 0.7410273458573315 1.0 0.0 4
0.24098203992338646 0.0 1.0 0.0 5
2.0 0.0 1.0 0.0 6
*** t = 33
1.4204778419294761 0.0 2.0 0.0 3
1.0 0.6115410187859973 1.0 0.0 4
0.3614730598850797 0.0 1.0 0.0 5
1.886772887161937 0.0 1.0 0.0 6
*** t = 34
1.5297453682317435 0.0 2.0 0.0 3
1.0 0.4820546917146631 1.0 0.0 4
0.4819640798467729 0.0 1.0 0.0 5
1.7735457743238738 0.0 1.0 0.0 6
*** t = 35
1.6390128945340108 0.0 2.0 0.0 3
1.0 0.35256836464332886 1.0 0.0 4
0.6024550998084661 0.0 1.0 0.0 5
1.6603186614858108 0.0 1.0 0.0 6
*** t = 36
1.748280420836278 0.0 2.0 0.0 3
1.0 0.2230820375719946 1.0 0.0 4
0.7229461197701593 0.0 1.0 0.0 5
1.5470915486477477 0.0 1.0 0.0 6
*** t = 37
1.8575479471385454 0.0 2.0 0.0 3
1.0 0.09359571050066035 1.0 0.0 4
0.8434371397318525 0.0 1.0 0.0 5
1.4338644358096846 0.0 1.0 0.0 6
*** t = 38
1.9668154734408128 0.0 2.0 0.0 3
1.0358906165706738 0.0 2.0 0.0 4
0.9639281596935457 0.0 1.0 0.0 5
1.3206373229716215 0.0 1.0 0.0 6
*** t = 39
1.165376943642008 0.0 2.0 0.0 4
1.0 0.08441917965523896 1.0 1.0 5
1.2074102101335584 0.0 1.0 0.0 6
*** t = 40
1.2948632707133423 0.0 2.0 0.0 4
1.0 0.2049101996169322 1.0 1.0 5
1.0941830972954953 0.0 1.0 0.0 6
1.0 1.0 1.0 0.0 7
*** t = 41
1.4243495977846765 0.0 2.0 0.0 4
1.0 0.32540121957862544 1.0 1.0 5
0.9809559844574323 0.0 0.0 0.0 6
1.0 0.8603623276578614 1.0 0.0 7
*** t = 42
1.5538359248560107 0.0 2.0 0.0 4
1.0 0.44589223954031865 1.0 1.0 5
0.8677288716193692 0.0 0.0 0.0 6
1.0 0.7207246553157227 1.0 0.0 7
*** t = 43
1.683322251927345 0.0 2.0 0.0 4
1.0 0.5663832595020118 1.0 1.0 5
0.7545017587813061 0.0 0.0 0.0 6
1.0 0.5810869829735841 1.0 0.0 7
*** t = 44
1.8128085789986792 0.0 2.0 0.0 4
1.0 0.686874279463705 1.0 1.0 5
0.641274645943243 0.0 0.0 0.0 6
1.0 0.44144931063144544 1.0 0.0 7
*** t = 45
1.9422949060700134 0.0 2.0 0.0 4
1.0 0.8073652994253983 1.0 1.0 5
0.5280475331051799 0.0 0.0 0.0 6
1.0 0.3018116382893068 1.0 0.0 7
0.0 0.0 1.0 0.0 8
*** t = 46
1.0 0.9278563193870915 1.0 1.0 5
0.41482042026711685 0.0 0.0 0.0 6
1.0 0.16217396594716815 1.0 0.0 7
0.12348421930924548 0.0 1.0 0.0 8
*** t = 47
0.30159330742905377 0.0 0.0 0.0 6
1.0 0.02253629360502951 1.0 0.0 7
0.24696843861849097 0.0 1.0 0.0 8
*** t = 48
0.1883661945909907 0.0 0.0 0.0 6
0.8828986212628909 0.0 0.0 0.0 7
0.37045265792773646 0.0 1.0 0.0 8
2.0 0.0 1.0 0.0 9
*** t = 49
0.07513908175292759 0.0 0.0 0.0 6
0.7432609489207522 0.0 0.0 0.0 7
0.49393687723698193 0.0 1.0 0.0 8
1.8893675739614522 0.0 1.0 0.0 9
*** t = 50
0.6036232765786136 0.0 0.0 0.0 7
0.6174210965462275 0.0 1.0 0.0 8
1.7787351479229043 0.0 1.0 0.0 9
1.0 1.0 1.0 0.0 10
